           1000      27.360750
            999      21.251560
            998      18.373546
            997      16.403468
            996      14.947308
            995      13.873356
            994      13.035723
            993      12.308288
            992      11.656294
            991      11.074211
            990      10.586074
            989      10.130045
            988      9.7306680
            987      9.3824425
            986      9.0347578
            985      8.7137940
            984      8.4328913
            983      8.1602121
            982      7.9138072
            981      7.6835222
            980      7.4668986
            979      7.2628316
            978      7.0626489
            977      6.8852738
            976      6.7142056
            975      6.5495567
            974      6.3946172
            973      6.2486401
            972      6.1118175
            971      5.9738625
            970      5.8452509
            969      5.7185007
            968      5.6009672
            967      5.4910777
            966      5.3835485
            965      5.2768491
            964      5.1830388
            963      5.0823320
            962      4.9906167
            961      4.8983414
            960      4.8095756
            959      4.7272379
            958      4.6470865
            957      4.5688710
            956      4.4914082
            955      4.4194714
            954      4.3520677
            953      4.2847785
            952      4.2181674
            951      4.1510366
            950      4.0899539
            949      4.0280243
            948      3.9683634
            947      3.9097943
            946      3.8566533
            945      3.7978814
            944      3.7459119
            943      3.6960227
            942      3.6416064
            941      3.5924140
            940      3.5470204
            939      3.5009791
            938      3.4579614
            937      3.4133520
            936      3.3704751
            935      3.3301217
            934      3.2872581
            933      3.2475352
            932      3.2070345
            931      3.1684235
            930      3.1323251
            929      3.0930979
            928      3.0558293
            927      3.0197312
            926      2.9846607
            925      2.9504781
            924      2.9158338
            923      2.8819401
            922      2.8495018
            921      2.8185266
            920      2.7878328
            919      2.7559789
            918      2.7253553
            917      2.6968870
            916      2.6673204
            915      2.6401265
            914      2.6142983
            913      2.5873667
            912      2.5612339
            911      2.5344787
            910      2.5092851
            909      2.4827929
            908      2.4571818
            907      2.4333008
            906      2.4101185
            905      2.3854448
            904      2.3614698
            903      2.3379094
            902      2.3162141
            901      2.2965884
            900      2.2729836
            899      2.2521456
            898      2.2315954
            897      2.2114164
            896      2.1901121
            895      2.1706299
            894      2.1517644
            893      2.1327749
            892      2.1140224
            891      2.0956027
            890      2.0775261
            889      2.0597540
            888      2.0416170
            887      2.0251726
            886      2.0089596
            885      1.9913919
            884      1.9742093
            883      1.9574005
            882      1.9406947
            881      1.9249621
            880      1.9092869
            879      1.8933425
            878      1.8791009
            877      1.8634666
            876      1.8483169
            875      1.8326743
            874      1.8177914
            873      1.8037915
            872      1.7898414
            871      1.7758792
            870      1.7621636
            869      1.7481372
            868      1.7351702
            867      1.7215012
            866      1.7087362
            865      1.6958906
            864      1.6825234
            863      1.6691522
            862      1.6563088
            861      1.6443669
            860      1.6327010
            859      1.6207046
            858      1.6078853
            857      1.5961564
            856      1.5842043
            855      1.5727242
            854      1.5614370
            853      1.5501931
            852      1.5392769
            851      1.5280383
            850      1.5175914
            849      1.5073766
            848      1.4965618
            847      1.4860843
            846      1.4757532
            845      1.4653117
            844      1.4551211
            843      1.4458749
            842      1.4357970
            841      1.4259130
            840      1.4163455
            839      1.4065477
            838      1.3971093
            837      1.3875779
            836      1.3782722
            835      1.3694806
            834      1.3601731
            833      1.3518494
            832      1.3433669
            831      1.3351521
            830      1.3263979
            829      1.3182507
            828      1.3105254
            827      1.3025692
            826      1.2944557
            825      1.2865404
            824      1.2786962
            823      1.2710503
            822      1.2637441
            821      1.2561864
            820      1.2486573
            819      1.2408799
            818      1.2333939
            817      1.2260571
            816      1.2187723
            815      1.2113778
            814      1.2043208
            813      1.1974205
            812      1.1907282
            811      1.1839757
            810      1.1773013
            809      1.1704066
            808      1.1638941
            807      1.1574458
            806      1.1511061
            805      1.1446042
            804      1.1381741
            803      1.1321185
            802      1.1260285
            801      1.1198919
            800      1.1137669
            799      1.1077420
            798      1.1018424
            797      1.0959912
            796      1.0898538
            795      1.0838635
            794      1.0782412
            793      1.0729611
            792      1.0673643
            791      1.0621173
            790      1.0565376
            789      1.0513271
            788      1.0459843
            787      1.0409156
            786      1.0356683
            785      1.0305643
            784      1.0253517
            783      1.0206184
            782      1.0157042
            781      1.0108358
            780      1.0058716
            779      1.0012763
            778     0.99646588
            777     0.99188156
            776     0.98705168
            775     0.98251330
            774     0.97796648
            773     0.97341616
            772     0.96877163
            771     0.96426670
            770     0.95960730
            769     0.95500275
            768     0.95066402
            767     0.94637357
            766     0.94192073
            765     0.93781136
            764     0.93355569
            763     0.92934565
            762     0.92550870
            761     0.92152449
            760     0.91760441
            759     0.91346685
            758     0.90960437
            757     0.90549536
            756     0.90153598
            755     0.89767323
            754     0.89388967
            753     0.88999752
            752     0.88610815
            751     0.88261748
            750     0.87885461
            749     0.87515245
            748     0.87138138
            747     0.86774859
            746     0.86407396
            745     0.86049523
            744     0.85716970
            743     0.85353671
            742     0.84992393
            741     0.84648875
            740     0.84301478
            739     0.83964381
            738     0.83622362
            737     0.83265523
            736     0.82944020
            735     0.82613973
            734     0.82283749
            733     0.81962924
            732     0.81635225
            731     0.81330158
            730     0.81023051
            729     0.80719821
            728     0.80405974
            727     0.80099170
            726     0.79786047
            725     0.79466292
            724     0.79159781
            723     0.78851135
            722     0.78536788
            721     0.78231733
            720     0.77925935
            719     0.77626595
            718     0.77328434
            717     0.77021796
            716     0.76731408
            715     0.76430618
            714     0.76131782
            713     0.75857983
            712     0.75568373
            711     0.75267569
            710     0.74999678
            709     0.74700586
            708     0.74424237
            707     0.74141819
            706     0.73859441
            705     0.73594608
            704     0.73321189
            703     0.73048493
            702     0.72782489
            701     0.72518076
            700     0.72249237
            699     0.71982922
            698     0.71719614
            697     0.71457806
            696     0.71190584
            695     0.70907990
            694     0.70649345
            693     0.70407299
            692     0.70164325
            691     0.69910459
            690     0.69670838
            689     0.69419512
            688     0.69162099
            687     0.68921348
            686     0.68686338
            685     0.68450694
            684     0.68207153
            683     0.67969973
            682     0.67724842
            681     0.67494195
            680     0.67251045
            679     0.67024080
            678     0.66788800
            677     0.66559946
            676     0.66338314
            675     0.66109396
            674     0.65881323
            673     0.65659872
            672     0.65433597
            671     0.65197569
            670     0.64973338
            669     0.64747275
            668     0.64512887
            667     0.64295484
            666     0.64073928
            665     0.63859335
            664     0.63645767
            663     0.63428091
            662     0.63213133
            661     0.63002868
            660     0.62782700
            659     0.62580313
            658     0.62370755
            657     0.62153111
            656     0.61948301
            655     0.61746683
            654     0.61532585
            653     0.61313239
            652     0.61092230
            651     0.60873607
            650     0.60681086
            649     0.60482715
            648     0.60286920
            647     0.60084795
            646     0.59877989
            645     0.59674852
            644     0.59478448
            643     0.59285083
            642     0.59085680
            641     0.58873942
            640     0.58683754
            639     0.58487435
            638     0.58298368
            637     0.58108079
            636     0.57919799
            635     0.57731422
            634     0.57530880
            633     0.57343785
            632     0.57165163
            631     0.56979862
            630     0.56795660
            629     0.56603280
            628     0.56417585
            627     0.56225947
            626     0.56040352
            625     0.55856644
            624     0.55674714
            623     0.55504751
            622     0.55324570
            621     0.55148291
            620     0.54965746
            619     0.54783836
            618     0.54610304
            617     0.54452340
            616     0.54275614
            615     0.54098416
            614     0.53928343
            613     0.53753612
            612     0.53587153
            611     0.53409257
            610     0.53242692
            609     0.53074879
            608     0.52901196
            607     0.52728821
            606     0.52554624
            605     0.52380236
            604     0.52213356
            603     0.52044600
            602     0.51874011
            601     0.51714655
            600     0.51544581
            599     0.51378425
            598     0.51202290
            597     0.51033420
            596     0.50877178
            595     0.50714011
            594     0.50552933
            593     0.50397507
            592     0.50235934
            591     0.50079601
            590     0.49921375
            589     0.49748832
            588     0.49581927
            587     0.49422195
            586     0.49261678
            585     0.49106729
            584     0.48961057
            583     0.48812630
            582     0.48647488
            581     0.48487786
            580     0.48336661
            579     0.48179778
            578     0.48024079
            577     0.47871651
            576     0.47722250
            575     0.47571034
            574     0.47417176
            573     0.47268167
            572     0.47118202
            571     0.46975903
            570     0.46826196
            569     0.46677301
            568     0.46530537
            567     0.46383021
            566     0.46242283
            565     0.46103128
            564     0.45956711
            563     0.45813750
            562     0.45666925
            561     0.45522281
            560     0.45383524
            559     0.45239046
            558     0.45090956
            557     0.44942070
            556     0.44803749
            555     0.44656339
            554     0.44514390
            553     0.44374774
            552     0.44231291
            551     0.44091890
            550     0.43951895
            549     0.43819027
            548     0.43685235
            547     0.43550047
            546     0.43414370
            545     0.43275412
            544     0.43144187
            543     0.43008815
            542     0.42873080
            541     0.42739038
            540     0.42596581
            539     0.42461484
            538     0.42330357
            537     0.42201640
            536     0.42071532
            535     0.41939391
            534     0.41807142
            533     0.41673751
            532     0.41541311
            531     0.41410185
            530     0.41280215
            529     0.41146233
            528     0.41019835
            527     0.40891520
            526     0.40763381
            525     0.40625439
            524     0.40495116
            523     0.40371304
            522     0.40242181
            521     0.40118495
            520     0.39989061
            519     0.39859748
            518     0.39734882
            517     0.39612278
            516     0.39479026
            515     0.39351927
            514     0.39225936
            513     0.39102174
            512     0.38982006
            511     0.38856819
            510     0.38730078
            509     0.38597905
            508     0.38471282
            507     0.38350653
            506     0.38225972
            505     0.38107644
            504     0.37986884
            503     0.37870924
            502     0.37749748
            501     0.37633002
            500     0.37506771
            499     0.37393367
            498     0.37278379
            497     0.37162291
            496     0.37039050
            495     0.36924378
            494     0.36805478
            493     0.36685635
            492     0.36568995
            491     0.36448352
            490     0.36328506
            489     0.36215960
            488     0.36097761
            487     0.35976058
            486     0.35858179
            485     0.35745102
            484     0.35633399
            483     0.35513744
            482     0.35398842
            481     0.35287562
            480     0.35169120
            479     0.35054833
            478     0.34948957
            477     0.34840050
            476     0.34725262
            475     0.34611689
            474     0.34501999
            473     0.34390310
            472     0.34279922
            471     0.34168897
            470     0.34055191
            469     0.33947529
            468     0.33843165
            467     0.33736496
            466     0.33623575
            465     0.33516435
            464     0.33403519
            463     0.33293749
            462     0.33177477
            461     0.33068641
            460     0.32964377
            459     0.32853201
            458     0.32744886
            457     0.32632294
            456     0.32525614
            455     0.32416623
            454     0.32309621
            453     0.32201212
            452     0.32089832
            451     0.31982154
            450     0.31870577
            449     0.31767561
            448     0.31666065
            447     0.31560496
            446     0.31457506
            445     0.31352566
            444     0.31251042
            443     0.31140339
            442     0.31033193
            441     0.30926871
            440     0.30820367
            439     0.30718606
            438     0.30611327
            437     0.30505233
            436     0.30401116
            435     0.30304734
            434     0.30203312
            433     0.30104508
            432     0.30005083
            431     0.29903748
            430     0.29801097
            429     0.29702218
            428     0.29604636
            427     0.29506287
            426     0.29404477
            425     0.29308867
            424     0.29210729
            423     0.29114333
            422     0.29018421
            421     0.28917412
            420     0.28821006
            419     0.28720908
            418     0.28622091
            417     0.28518342
            416     0.28412151
            415     0.28312765
            414     0.28215179
            413     0.28120586
            412     0.28022015
            411     0.27922371
            410     0.27821841
            409     0.27725154
            408     0.27631053
            407     0.27536453
            406     0.27445819
            405     0.27344542
            404     0.27251493
            403     0.27158598
            402     0.27068034
            401     0.26971708
            400     0.26878355
            399     0.26787679
            398     0.26693527
            397     0.26603305
            396     0.26509271
            395     0.26415395
            394     0.26324892
            393     0.26228133
            392     0.26134610
            391     0.26041180
            390     0.25947540
            389     0.25853666
            388     0.25765502
            387     0.25665509
            386     0.25573469
            385     0.25482367
            384     0.25392599
            383     0.25298799
            382     0.25204235
            381     0.25113683
            380     0.25029273
            379     0.24941544
            378     0.24854688
            377     0.24761576
            376     0.24669753
            375     0.24584464
            374     0.24498161
            373     0.24409338
            372     0.24317584
            371     0.24224639
            370     0.24130675
            369     0.24045936
            368     0.23953703
            367     0.23870110
            366     0.23778126
            365     0.23693039
            364     0.23605087
            363     0.23519493
            362     0.23434318
            361     0.23345940
            360     0.23265532
            359     0.23176742
            358     0.23093278
            357     0.23012459
            356     0.22923411
            355     0.22837513
            354     0.22751128
            353     0.22662033
            352     0.22571280
            351     0.22486223
            350     0.22398460
            349     0.22316047
            348     0.22226768
            347     0.22142175
            346     0.22054981
            345     0.21975454
            344     0.21891469
            343     0.21808694
            342     0.21723781
            341     0.21640135
            340     0.21555978
            339     0.21472769
            338     0.21392589
            337     0.21307933
            336     0.21223805
            335     0.21141384
            334     0.21058212
            333     0.20974733
            332     0.20895114
            331     0.20811594
            330     0.20730515
            329     0.20650670
            328     0.20571716
            327     0.20491321
            326     0.20406995
            325     0.20327197
            324     0.20249891
            323     0.20171026
            322     0.20087412
            321     0.20010651
            320     0.19930526
            319     0.19853308
            318     0.19780412
            317     0.19703613
            316     0.19628600
            315     0.19550490
            314     0.19469433
            313     0.19389823
            312     0.19314484
            311     0.19236197
            310     0.19153269
            309     0.19072864
            308     0.18999702
            307     0.18920714
            306     0.18845211
            305     0.18769883
            304     0.18690213
            303     0.18613838
            302     0.18541124
            301     0.18466751
            300     0.18392593
            299     0.18312845
            298     0.18239911
            297     0.18160931
            296     0.18085725
            295     0.18008914
            294     0.17930525
            293     0.17856382
            292     0.17779206
            291     0.17706252
            290     0.17630653
            289     0.17553244
            288     0.17477966
            287     0.17400455
            286     0.17320635
            285     0.17243658
            284     0.17170807
            283     0.17094092
            282     0.17020295
            281     0.16947442
            280     0.16873297
            279     0.16796557
            278     0.16724694
            277     0.16654651
            276     0.16582381
            275     0.16508295
            274     0.16437978
            273     0.16362309
            272     0.16292379
            271     0.16218907
            270     0.16143311
            269     0.16069776
            268     0.15997374
            267     0.15925192
            266     0.15855203
            265     0.15781499
            264     0.15706904
            263     0.15636936
            262     0.15563477
            261     0.15487867
            260     0.15419099
            259     0.15350266
            258     0.15279196
            257     0.15209386
            256     0.15135358
            255     0.15062403
            254     0.14989050
            253     0.14919556
            252     0.14850764
            251     0.14782090
            250     0.14714691
            249     0.14643280
            248     0.14575126
            247     0.14508129
            246     0.14433319
            245     0.14364201
            244     0.14291989
            243     0.14224381
            242     0.14155168
            241     0.14083734
            240     0.14013210
            239     0.13939520
            238     0.13869943
            237     0.13802593
            236     0.13733078
            235     0.13664501
            234     0.13597029
            233     0.13529052
            232     0.13457887
            231     0.13385407
            230     0.13314647
            229     0.13244159
            228     0.13175181
            227     0.13108913
            226     0.13040453
            225     0.12974172
            224     0.12904639
            223     0.12838660
            222     0.12768778
            221     0.12702232
            220     0.12637664
            219     0.12569380
            218     0.12503785
            217     0.12434223
            216     0.12365185
            215     0.12298128
            214     0.12230234
            213     0.12160614
            212     0.12097789
            211     0.12034528
            210     0.11969527
            209     0.11902104
            208     0.11836848
            207     0.11772519
            206     0.11704123
            205     0.11639334
            204     0.11571916
            203     0.11507848
            202     0.11440058
            201     0.11376068
            200     0.11309551
            199     0.11244019
            198     0.11179133
            197     0.11112310
            196     0.11053062
            195     0.10986567
            194     0.10926052
            193     0.10862473
            192     0.10796080
            191     0.10732668
            190     0.10667571
            189     0.10601322
            188     0.10538698
            187     0.10475195
            186     0.10409907
            185     0.10346372
            184     0.10287739
            183     0.10223744
            182     0.10163669
            181     0.10099372
            180     0.10038295
            179    0.099760089
            178    0.099126816
            177    0.098470607
            176    0.097818141
            175    0.097168252
            174    0.096512763
            173    0.095892436
            172    0.095304531
            171    0.094677919
            170    0.094027888
            169    0.093423163
            168    0.092768530
            167    0.092137823
            166    0.091535440
            165    0.090882390
            164    0.090247147
            163    0.089656407
            162    0.089025684
            161    0.088378058
            160    0.087790242
            159    0.087173059
            158    0.086554140
            157    0.085909805
            156    0.085294914
            155    0.084717991
            154    0.084102994
            153    0.083506362
            152    0.082859490
            151    0.082264051
            150    0.081695057
            149    0.081089194
            148    0.080458323
            147    0.079858035
            146    0.079300425
            145    0.078671214
            144    0.078084566
            143    0.077489157
            142    0.076883910
            141    0.076296734
            140    0.075717009
            139    0.075116035
            138    0.074525610
            137    0.073895963
            136    0.073303907
            135    0.072692022
            134    0.072103078
            133    0.071494603
            132    0.070923763
            131    0.070366716
            130    0.069771986
            129    0.069196563
            128    0.068604229
            127    0.068022885
            126    0.067450081
            125    0.066848143
            124    0.066266433
            123    0.065699697
            122    0.065101667
            121    0.064536469
            120    0.063944235
            119    0.063386673
            118    0.062811500
            117    0.062236723
            116    0.061691002
            115    0.061148038
            114    0.060578554
            113    0.060024942
            112    0.059405992
            111    0.058843976
            110    0.058276271
            109    0.057683700
            108    0.057091040
            107    0.056530729
            106    0.056002604
            105    0.055454092
            104    0.054883232
            103    0.054336360
            102    0.053764942
            101    0.053198699
            100    0.052648176
             99    0.052108907
             98    0.051542259
             97    0.050971248
             96    0.050395264
             95    0.049839152
             94    0.049286458
             93    0.048753601
             92    0.048199300
             91    0.047633481
             90    0.047058986
             89    0.046536157
             88    0.045974866
             87    0.045418173
             86    0.044864074
             85    0.044312774
             84    0.043735440
             83    0.043183811
             82    0.042628961
             81    0.042091407
             80    0.041543368
             79    0.040987343
             78    0.040452270
             77    0.039920111
             76    0.039389301
             75    0.038853925
             74    0.038329253
             73    0.037774987
             72    0.037263399
             71    0.036693554
             70    0.036188894
             69    0.035641552
             68    0.035116945
             67    0.034586696
             66    0.034057708
             65    0.033523133
             64    0.032986387
             63    0.032435389
             62    0.031901189
             61    0.031387259
             60    0.030854804
             59    0.030291530
             58    0.029750252
             57    0.029239244
             56    0.028714913
             55    0.028165685
             54    0.027677063
             53    0.027151144
             52    0.026649706
             51    0.026130915
             50    0.025569859
             49    0.025045587
             48    0.024512484
             47    0.023981503
             46    0.023458583
             45    0.022937747
             44    0.022394951
             43    0.021859892
             42    0.021329084
             41    0.020802487
             40    0.020310346
             39    0.019782382
             38    0.019271427
             37    0.018754293
             36    0.018203133
             35    0.017680270
             34    0.017194075
             33    0.016675710
             32    0.016159529
             31    0.015647470
             30    0.015150849
             29    0.014652109
             28    0.014125190
             27    0.013613326
             26    0.013089032
             25    0.012564459
             24    0.012075888
             23    0.011590908
             22    0.011084360
             21    0.010579099
             20    0.010059458
             19   0.0095752196
             18   0.0090557996
             17   0.0085251126
             16   0.0080019420
             15   0.0075328379
             14   0.0070076752
             13   0.0064949814
             12   0.0059884744
             11   0.0054979303
             10   0.0050011938
              9   0.0044992774
              8   0.0039794340
              7   0.0034954359
              6   0.0030051674
              5   0.0025125935
              4   0.0020051466
              3   0.0015061218
              2   0.0010044759
              1  0.00051248696
