            500      6.7520026
            499      5.7724935
            498      5.2820450
            497      4.9486997
            496      4.6925597
            495      4.5035218
            494      4.3404794
            493      4.2041931
            492      4.0797475
            491      3.9691128
            490      3.8611286
            489      3.7662900
            488      3.6852711
            487      3.6110357
            486      3.5434239
            485      3.4726493
            484      3.4094011
            483      3.3502412
            482      3.2926798
            481      3.2411136
            480      3.1889345
            479      3.1412878
            478      3.0958937
            477      3.0505232
            476      3.0077950
            475      2.9690581
            474      2.9305004
            473      2.8939224
            472      2.8570728
            471      2.8228378
            470      2.7882285
            469      2.7580391
            468      2.7273067
            467      2.6981628
            466      2.6679023
            465      2.6407829
            464      2.6128929
            463      2.5859063
            462      2.5591797
            461      2.5332050
            460      2.5075682
            459      2.4841771
            458      2.4606909
            457      2.4387705
            456      2.4173415
            455      2.3957550
            454      2.3742383
            453      2.3541511
            452      2.3335885
            451      2.3125902
            450      2.2932517
            449      2.2727174
            448      2.2528159
            447      2.2333739
            446      2.2155474
            445      2.1971412
            444      2.1800098
            443      2.1633085
            442      2.1466914
            441      2.1295638
            440      2.1125336
            439      2.0957997
            438      2.0793725
            437      2.0641372
            436      2.0483173
            435      2.0333801
            434      2.0182162
            433      2.0039352
            432      1.9895836
            431      1.9749505
            430      1.9611542
            429      1.9468058
            428      1.9329352
            427      1.9189545
            426      1.9051567
            425      1.8911387
            424      1.8775749
            423      1.8643376
            422      1.8519050
            421      1.8392753
            420      1.8265425
            419      1.8143132
            418      1.8023775
            417      1.7902140
            416      1.7784316
            415      1.7671524
            414      1.7554568
            413      1.7441403
            412      1.7328321
            411      1.7211794
            410      1.7103087
            409      1.6991855
            408      1.6884182
            407      1.6779982
            406      1.6679226
            405      1.6573453
            404      1.6465908
            403      1.6358113
            402      1.6254630
            401      1.6156332
            400      1.6054147
            399      1.5958946
            398      1.5859997
            397      1.5761030
            396      1.5661796
            395      1.5563780
            394      1.5472454
            393      1.5379754
            392      1.5293221
            391      1.5204338
            390      1.5113604
            389      1.5026929
            388      1.4936162
            387      1.4850114
            386      1.4761023
            385      1.4672628
            384      1.4586073
            383      1.4498712
            382      1.4414794
            381      1.4331690
            380      1.4246758
            379      1.4164167
            378      1.4081284
            377      1.4000773
            376      1.3919091
            375      1.3838406
            374      1.3760662
            373      1.3686498
            372      1.3604800
            371      1.3529487
            370      1.3451094
            369      1.3376074
            368      1.3298738
            367      1.3228564
            366      1.3152018
            365      1.3077256
            364      1.3005187
            363      1.2932643
            362      1.2858813
            361      1.2787461
            360      1.2717616
            359      1.2648530
            358      1.2579862
            357      1.2512835
            356      1.2441974
            355      1.2372589
            354      1.2302067
            353      1.2232510
            352      1.2163129
            351      1.2096267
            350      1.2029111
            349      1.1958007
            348      1.1886402
            347      1.1820766
            346      1.1757733
            345      1.1695464
            344      1.1634005
            343      1.1570156
            342      1.1509606
            341      1.1447524
            340      1.1388035
            339      1.1328496
            338      1.1267459
            337      1.1210322
            336      1.1151833
            335      1.1092441
            334      1.1031292
            333      1.0972840
            332      1.0909546
            331      1.0848963
            330      1.0790137
            329      1.0732322
            328      1.0679479
            327      1.0621673
            326      1.0563471
            325      1.0508823
            324      1.0449506
            323      1.0392653
            322      1.0335441
            321      1.0278740
            320      1.0222568
            319      1.0168535
            318      1.0110390
            317      1.0056575
            316      1.0001933
            315     0.99462679
            314     0.98938208
            313     0.98414660
            312     0.97877601
            311     0.97362592
            310     0.96818615
            309     0.96281686
            308     0.95783466
            307     0.95271324
            306     0.94733145
            305     0.94196613
            304     0.93674699
            303     0.93182693
            302     0.92687878
            301     0.92169495
            300     0.91651728
            299     0.91131201
            298     0.90635799
            297     0.90131685
            296     0.89633966
            295     0.89140756
            294     0.88667373
            293     0.88205108
            292     0.87731331
            291     0.87259113
            290     0.86815222
            289     0.86315781
            288     0.85855269
            287     0.85383181
            286     0.84895604
            285     0.84407796
            284     0.83935984
            283     0.83468548
            282     0.82999697
            281     0.82543580
            280     0.82093356
            279     0.81621757
            278     0.81162826
            277     0.80732364
            276     0.80264213
            275     0.79839679
            274     0.79419554
            273     0.78981141
            272     0.78537357
            271     0.78089329
            270     0.77665790
            269     0.77230654
            268     0.76808928
            267     0.76371723
            266     0.75915419
            265     0.75476659
            264     0.75048320
            263     0.74602448
            262     0.74185884
            261     0.73746056
            260     0.73322522
            259     0.72890804
            258     0.72496315
            257     0.72077898
            256     0.71685099
            255     0.71292537
            254     0.70908164
            253     0.70507444
            252     0.70095087
            251     0.69684757
            250     0.69288394
            249     0.68887152
            248     0.68483985
            247     0.68076971
            246     0.67691894
            245     0.67289459
            244     0.66891022
            243     0.66512540
            242     0.66115623
            241     0.65724184
            240     0.65349275
            239     0.64988019
            238     0.64599142
            237     0.64225100
            236     0.63834192
            235     0.63449243
            234     0.63075493
            233     0.62685637
            232     0.62316275
            231     0.61946762
            230     0.61599596
            229     0.61240409
            228     0.60881625
            227     0.60531104
            226     0.60159737
            225     0.59785592
            224     0.59408745
            223     0.59036251
            222     0.58682478
            221     0.58320882
            220     0.57959126
            219     0.57591249
            218     0.57231864
            217     0.56871694
            216     0.56521156
            215     0.56160095
            214     0.55804010
            213     0.55437993
            212     0.55080864
            211     0.54744444
            210     0.54399646
            209     0.54065094
            208     0.53722596
            207     0.53399516
            206     0.53071642
            205     0.52756397
            204     0.52429466
            203     0.52106736
            202     0.51770085
            201     0.51426262
            200     0.51073082
            199     0.50736707
            198     0.50396230
            197     0.50056395
            196     0.49725769
            195     0.49407339
            194     0.49079229
            193     0.48753204
            192     0.48421280
            191     0.48092325
            190     0.47784744
            189     0.47448688
            188     0.47131904
            187     0.46826191
            186     0.46517420
            185     0.46186135
            184     0.45875207
            183     0.45533093
            182     0.45214746
            181     0.44898335
            180     0.44599281
            179     0.44266120
            178     0.43963557
            177     0.43649451
            176     0.43346710
            175     0.43043762
            174     0.42736298
            173     0.42433177
            172     0.42116146
            171     0.41822307
            170     0.41503137
            169     0.41195627
            168     0.40898860
            167     0.40608082
            166     0.40311774
            165     0.40026844
            164     0.39730308
            163     0.39413950
            162     0.39106816
            161     0.38809201
            160     0.38507407
            159     0.38231681
            158     0.37933365
            157     0.37640758
            156     0.37347228
            155     0.37065496
            154     0.36791098
            153     0.36502442
            152     0.36211151
            151     0.35928672
            150     0.35642235
            149     0.35352160
            148     0.35055037
            147     0.34774616
            146     0.34480286
            145     0.34198140
            144     0.33905364
            143     0.33626527
            142     0.33360908
            141     0.33086212
            140     0.32812140
            139     0.32542789
            138     0.32275212
            137     0.32009997
            136     0.31735688
            135     0.31469825
            134     0.31193369
            133     0.30923396
            132     0.30645284
            131     0.30376294
            130     0.30125068
            129     0.29848018
            128     0.29573658
            127     0.29311681
            126     0.29051949
            125     0.28794335
            124     0.28518313
            123     0.28258360
            122     0.27977826
            121     0.27712656
            120     0.27442741
            119     0.27193123
            118     0.26910488
            117     0.26641259
            116     0.26387643
            115     0.26125202
            114     0.25863842
            113     0.25610096
            112     0.25352305
            111     0.25103945
            110     0.24846376
            109     0.24594189
            108     0.24331507
            107     0.24085588
            106     0.23830611
            105     0.23590349
            104     0.23339758
            103     0.23093418
            102     0.22849740
            101     0.22606409
            100     0.22352307
             99     0.22107889
             98     0.21863291
             97     0.21607279
             96     0.21366882
             95     0.21120107
             94     0.20876589
             93     0.20626667
             92     0.20368501
             91     0.20118433
             90     0.19872871
             89     0.19629480
             88     0.19397697
             87     0.19161777
             86     0.18921086
             85     0.18685904
             84     0.18452576
             83     0.18209580
             82     0.17980959
             81     0.17742785
             80     0.17517019
             79     0.17283113
             78     0.17040032
             77     0.16802857
             76     0.16572379
             75     0.16344761
             74     0.16115490
             73     0.15883580
             72     0.15650181
             71     0.15423631
             70     0.15198787
             69     0.14963424
             68     0.14737881
             67     0.14499471
             66     0.14253442
             65     0.14017631
             64     0.13782666
             63     0.13556640
             62     0.13315985
             61     0.13095326
             60     0.12858943
             59     0.12639626
             58     0.12401625
             57     0.12172047
             56     0.11936436
             55     0.11717952
             54     0.11489294
             53     0.11258936
             52     0.11031966
             51     0.10813397
             50     0.10602051
             49     0.10382362
             48     0.10160234
             47    0.099354729
             46    0.097144536
             45    0.095012846
             44    0.092826035
             43    0.090579506
             42    0.088216908
             41    0.085937470
             40    0.083753073
             39    0.081558310
             38    0.079400856
             37    0.077246002
             36    0.074993515
             35    0.072971121
             34    0.070711237
             33    0.068531905
             32    0.066318861
             31    0.064115273
             30    0.061997931
             29    0.060004766
             28    0.057790440
             27    0.055669530
             26    0.053494590
             25    0.051446129
             24    0.049236471
             23    0.047143589
             22    0.045046916
             21    0.042971872
             20    0.040929871
             19    0.038820608
             18    0.036658034
             17    0.034631941
             16    0.032552095
             15    0.030431287
             14    0.028456754
             13    0.026491353
             12    0.024444719
             11    0.022295035
             10    0.020247765
              9    0.018280818
              8    0.016165633
              7    0.014046199
              6    0.012038456
              5    0.010058471
              4   0.0079525526
              3   0.0058856503
              2   0.0038922182
              1   0.0019788945
