            500      6.8054355
            499      5.7947641
            498      5.2927644
            497      4.9620631
            496      4.7089256
            495      4.5125841
            494      4.3467018
            493      4.2040853
            492      4.0774313
            491      3.9656373
            490      3.8652210
            489      3.7759844
            488      3.6931549
            487      3.6157430
            486      3.5444475
            485      3.4767833
            484      3.4139791
            483      3.3550338
            482      3.3002436
            481      3.2475039
            480      3.1965461
            479      3.1490489
            478      3.1043473
            477      3.0601465
            476      3.0181043
            475      2.9782297
            474      2.9398982
            473      2.9027082
            472      2.8673028
            471      2.8328819
            470      2.7998829
            469      2.7677392
            468      2.7362821
            467      2.7062231
            466      2.6763281
            465      2.6474629
            464      2.6198731
            463      2.5928656
            462      2.5665949
            461      2.5406006
            460      2.5155168
            459      2.4912601
            458      2.4672497
            457      2.4438204
            456      2.4211395
            455      2.3986337
            454      2.3771321
            453      2.3558189
            452      2.3352229
            451      2.3145913
            450      2.2947143
            449      2.2750540
            448      2.2554882
            447      2.2363685
            446      2.2177054
            445      2.1997416
            444      2.1813776
            443      2.1636242
            442      2.1464267
            441      2.1295038
            440      2.1130100
            439      2.0966563
            438      2.0806923
            437      2.0645033
            436      2.0488981
            435      2.0336026
            434      2.0185215
            433      2.0034293
            432      1.9887174
            431      1.9741611
            430      1.9600299
            429      1.9461734
            428      1.9322866
            427      1.9184118
            426      1.9049532
            425      1.8914508
            424      1.8781536
            423      1.8653030
            422      1.8523747
            421      1.8398220
            420      1.8270741
            419      1.8146700
            418      1.8025242
            417      1.7903176
            416      1.7785011
            415      1.7667506
            414      1.7550836
            413      1.7434494
            412      1.7321650
            411      1.7208372
            410      1.7098764
            409      1.6989560
            408      1.6880964
            407      1.6773699
            406      1.6665386
            405      1.6559924
            404      1.6456561
            403      1.6353224
            402      1.6253363
            401      1.6153864
            400      1.6052909
            399      1.5954021
            398      1.5856516
            397      1.5760463
            396      1.5663893
            395      1.5567612
            394      1.5474369
            393      1.5380821
            392      1.5288151
            391      1.5195813
            390      1.5104480
            389      1.5012547
            388      1.4923321
            387      1.4833591
            386      1.4745446
            385      1.4657124
            384      1.4569800
            383      1.4485246
            382      1.4400174
            381      1.4316852
            380      1.4233862
            379      1.4149637
            378      1.4067706
            377      1.3986450
            376      1.3906160
            375      1.3825516
            374      1.3747085
            373      1.3669350
            372      1.3590592
            371      1.3513196
            370      1.3435975
            369      1.3359546
            368      1.3284035
            367      1.3208616
            366      1.3133866
            365      1.3059112
            364      1.2986429
            363      1.2912675
            362      1.2840491
            361      1.2768169
            360      1.2696633
            359      1.2625792
            358      1.2556039
            357      1.2485713
            356      1.2416798
            355      1.2345677
            354      1.2277620
            353      1.2210466
            352      1.2142389
            351      1.2075782
            350      1.2008240
            349      1.1942616
            348      1.1876141
            347      1.1811105
            346      1.1745942
            345      1.1681251
            344      1.1617323
            343      1.1553255
            342      1.1490251
            341      1.1427239
            340      1.1364401
            339      1.1302457
            338      1.1240914
            337      1.1178941
            336      1.1117690
            335      1.1057574
            334      1.0998546
            333      1.0940036
            332      1.0881255
            331      1.0821500
            330      1.0763052
            329      1.0704701
            328      1.0646285
            327      1.0589018
            326      1.0531658
            325      1.0474260
            324      1.0417201
            323      1.0360389
            322      1.0304219
            321      1.0249304
            320      1.0193949
            319      1.0138354
            318      1.0082686
            317      1.0028431
            316     0.99743395
            315     0.99210447
            314     0.98676733
            313     0.98136114
            312     0.97611875
            311     0.97091400
            310     0.96556074
            309     0.96017121
            308     0.95499571
            307     0.94988472
            306     0.94476543
            305     0.93962825
            304     0.93447982
            303     0.92938989
            302     0.92428900
            301     0.91928840
            300     0.91430525
            299     0.90934967
            298     0.90440363
            297     0.89951030
            296     0.89464001
            295     0.88975472
            294     0.88490404
            293     0.88001243
            292     0.87524722
            291     0.87040833
            290     0.86563591
            289     0.86091020
            288     0.85620101
            287     0.85152576
            286     0.84673540
            285     0.84213495
            284     0.83745972
            283     0.83285724
            282     0.82822211
            281     0.82368282
            280     0.81911511
            279     0.81463649
            278     0.81010862
            277     0.80567268
            276     0.80117116
            275     0.79677541
            274     0.79237010
            273     0.78792886
            272     0.78360335
            271     0.77924700
            270     0.77495411
            269     0.77060813
            268     0.76632379
            267     0.76202325
            266     0.75782715
            265     0.75359861
            264     0.74938405
            263     0.74512864
            262     0.74094471
            261     0.73678949
            260     0.73260675
            259     0.72843000
            258     0.72435688
            257     0.72027346
            256     0.71623051
            255     0.71217922
            254     0.70812962
            253     0.70412387
            252     0.70011205
            251     0.69604229
            250     0.69202676
            249     0.68805849
            248     0.68399462
            247     0.68002102
            246     0.67609254
            245     0.67215091
            244     0.66828463
            243     0.66439038
            242     0.66052616
            241     0.65666521
            240     0.65279688
            239     0.64898409
            238     0.64520496
            237     0.64137684
            236     0.63756853
            235     0.63377955
            234     0.62997710
            233     0.62619459
            232     0.62249208
            231     0.61878157
            230     0.61505418
            229     0.61135941
            228     0.60760829
            227     0.60391152
            226     0.60024518
            225     0.59656572
            224     0.59293089
            223     0.58934294
            222     0.58576974
            221     0.58229486
            220     0.57874730
            219     0.57522987
            218     0.57172777
            217     0.56821079
            216     0.56462168
            215     0.56106664
            214     0.55758235
            213     0.55412722
            212     0.55071453
            211     0.54726236
            210     0.54377540
            209     0.54030107
            208     0.53687576
            207     0.53348927
            206     0.53009837
            205     0.52672138
            204     0.52337489
            203     0.51999295
            202     0.51668402
            201     0.51330669
            200     0.50996816
            199     0.50668980
            198     0.50339794
            197     0.50011696
            196     0.49680395
            195     0.49352794
            194     0.49020816
            193     0.48695051
            192     0.48372122
            191     0.48049699
            190     0.47729444
            189     0.47409976
            188     0.47090825
            187     0.46765621
            186     0.46451436
            185     0.46135814
            184     0.45819259
            183     0.45508322
            182     0.45198089
            181     0.44883201
            180     0.44574268
            179     0.44263098
            178     0.43952121
            177     0.43638885
            176     0.43325838
            175     0.43017877
            174     0.42707065
            173     0.42404033
            172     0.42102161
            171     0.41802144
            170     0.41500903
            169     0.41197953
            168     0.40896839
            167     0.40595839
            166     0.40293619
            165     0.39996012
            164     0.39701363
            163     0.39403785
            162     0.39104690
            161     0.38807837
            160     0.38513603
            159     0.38220793
            158     0.37924896
            157     0.37628065
            156     0.37337045
            155     0.37046292
            154     0.36754557
            153     0.36467040
            152     0.36175733
            151     0.35892240
            150     0.35607699
            149     0.35319340
            148     0.35039588
            147     0.34756818
            146     0.34470611
            145     0.34188119
            144     0.33905405
            143     0.33622059
            142     0.33344976
            141     0.33070915
            140     0.32793317
            139     0.32515242
            138     0.32239274
            137     0.31963711
            136     0.31694257
            135     0.31419997
            134     0.31148929
            133     0.30881627
            132     0.30610342
            131     0.30340646
            130     0.30072353
            129     0.29804431
            128     0.29536914
            127     0.29266333
            126     0.29002612
            125     0.28733892
            124     0.28470313
            123     0.28206255
            122     0.27936070
            121     0.27676090
            120     0.27410707
            119     0.27146994
            118     0.26887326
            117     0.26621319
            116     0.26360484
            115     0.26100529
            114     0.25842952
            113     0.25582750
            112     0.25324250
            111     0.25064437
            110     0.24807604
            109     0.24554276
            108     0.24297093
            107     0.24041138
            106     0.23785068
            105     0.23527524
            104     0.23272565
            103     0.23022293
            102     0.22771580
            101     0.22520132
            100     0.22269369
             99     0.22020167
             98     0.21768886
             97     0.21523615
             96     0.21277798
             95     0.21032308
             94     0.20785019
             93     0.20540743
             92     0.20293870
             91     0.20053176
             90     0.19809112
             89     0.19566627
             88     0.19322108
             87     0.19083579
             86     0.18842345
             85     0.18605235
             84     0.18364692
             83     0.18126431
             82     0.17885702
             81     0.17648864
             80     0.17414512
             79     0.17178394
             78     0.16942113
             77     0.16706573
             76     0.16473544
             75     0.16240776
             74     0.16005638
             73     0.15770980
             72     0.15541113
             71     0.15310058
             70     0.15080096
             69     0.14845369
             68     0.14616674
             67     0.14389475
             66     0.14161473
             65     0.13931494
             64     0.13699094
             63     0.13473326
             62     0.13245056
             61     0.13016801
             60     0.12786382
             59     0.12560268
             58     0.12335319
             57     0.12108644
             56     0.11889323
             55     0.11663497
             54     0.11434036
             53     0.11209557
             52     0.10985735
             51     0.10763171
             50     0.10541039
             49     0.10316815
             48     0.10092915
             47    0.098727678
             46    0.096482636
             45    0.094276059
             44    0.092101208
             43    0.089924143
             42    0.087712847
             41    0.085475062
             40    0.083314599
             39    0.081136873
             38    0.078995596
             37    0.076820753
             36    0.074659720
             35    0.072531718
             34    0.070360235
             33    0.068210912
             32    0.066055132
             31    0.063913248
             30    0.061741070
             29    0.059596824
             28    0.057464234
             27    0.055381019
             26    0.053294313
             25    0.051209841
             24    0.049099583
             23    0.046992862
             22    0.044921166
             21    0.042825720
             20    0.040757930
             19    0.038685918
             18    0.036590076
             17    0.034512044
             16    0.032447556
             15    0.030380886
             14    0.028337944
             13    0.026293945
             12    0.024229384
             11    0.022216411
             10    0.020151827
              9    0.018112874
              8    0.016072425
              7    0.014041857
              6    0.012010248
              5   0.0099986262
              4   0.0079596965
              3   0.0059409846
              2   0.0039486861
              1   0.0019608669
