           1000      4.0802750
            999      3.6854739
            998      3.4804296
            997      3.3332522
            996      3.2232470
            995      3.1347736
            994      3.0589292
            993      2.9950866
            992      2.9396679
            991      2.8881968
            990      2.8421126
            989      2.7972750
            988      2.7591292
            987      2.7235457
            986      2.6910956
            985      2.6580664
            984      2.6288966
            983      2.5994557
            982      2.5728192
            981      2.5475650
            980      2.5238522
            979      2.5005250
            978      2.4787367
            977      2.4579832
            976      2.4384097
            975      2.4183567
            974      2.3997652
            973      2.3812856
            972      2.3630316
            971      2.3461255
            970      2.3292353
            969      2.3137031
            968      2.2987938
            967      2.2830911
            966      2.2685741
            965      2.2541542
            964      2.2408415
            963      2.2278581
            962      2.2144707
            961      2.2018918
            960      2.1894837
            959      2.1774420
            958      2.1651151
            957      2.1535171
            956      2.1421092
            955      2.1311668
            954      2.1204493
            953      2.1093240
            952      2.0990145
            951      2.0894496
            950      2.0794665
            949      2.0690327
            948      2.0596539
            947      2.0504872
            946      2.0416318
            945      2.0323649
            944      2.0239216
            943      2.0151671
            942      2.0070615
            941      1.9987735
            940      1.9905892
            939      1.9822910
            938      1.9741117
            937      1.9664654
            936      1.9585769
            935      1.9508485
            934      1.9430716
            933      1.9355582
            932      1.9280292
            931      1.9208938
            930      1.9138873
            929      1.9069786
            928      1.8999178
            927      1.8927896
            926      1.8858634
            925      1.8791072
            924      1.8723530
            923      1.8653887
            922      1.8587779
            921      1.8525254
            920      1.8464518
            919      1.8400820
            918      1.8338691
            917      1.8277058
            916      1.8218312
            915      1.8157113
            914      1.8096671
            913      1.8036308
            912      1.7981720
            911      1.7925264
            910      1.7870539
            909      1.7815625
            908      1.7756251
            907      1.7701820
            906      1.7647955
            905      1.7594348
            904      1.7541957
            903      1.7490206
            902      1.7437705
            901      1.7385367
            900      1.7332980
            899      1.7282987
            898      1.7233045
            897      1.7185726
            896      1.7139190
            895      1.7094752
            894      1.7046304
            893      1.6999099
            892      1.6951167
            891      1.6906182
            890      1.6862889
            889      1.6818176
            888      1.6772153
            887      1.6728697
            886      1.6684593
            885      1.6641626
            884      1.6602289
            883      1.6559311
            882      1.6516392
            881      1.6473510
            880      1.6433898
            879      1.6393218
            878      1.6350970
            877      1.6309335
            876      1.6268667
            875      1.6228340
            874      1.6188465
            873      1.6148487
            872      1.6108282
            871      1.6068468
            870      1.6029695
            869      1.5991119
            868      1.5951498
            867      1.5915633
            866      1.5876251
            865      1.5837905
            864      1.5798842
            863      1.5762730
            862      1.5725831
            861      1.5689222
            860      1.5654481
            859      1.5618893
            858      1.5581841
            857      1.5545580
            856      1.5511026
            855      1.5476176
            854      1.5442467
            853      1.5405716
            852      1.5369360
            851      1.5335339
            850      1.5302648
            849      1.5267328
            848      1.5234654
            847      1.5202644
            846      1.5170283
            845      1.5136421
            844      1.5103272
            843      1.5070167
            842      1.5036268
            841      1.5004690
            840      1.4973016
            839      1.4940966
            838      1.4908937
            837      1.4877919
            836      1.4847498
            835      1.4816067
            834      1.4786430
            833      1.4756219
            832      1.4725350
            831      1.4695031
            830      1.4665483
            829      1.4634607
            828      1.4604193
            827      1.4573076
            826      1.4544665
            825      1.4515954
            824      1.4487177
            823      1.4458615
            822      1.4429757
            821      1.4401013
            820      1.4372274
            819      1.4344398
            818      1.4316057
            817      1.4288259
            816      1.4259810
            815      1.4232100
            814      1.4204175
            813      1.4175528
            812      1.4147857
            811      1.4120308
            810      1.4093598
            809      1.4066815
            808      1.4039372
            807      1.4011711
            806      1.3985293
            805      1.3959485
            804      1.3932974
            803      1.3904764
            802      1.3878479
            801      1.3851948
            800      1.3827361
            799      1.3802181
            798      1.3778244
            797      1.3753149
            796      1.3728784
            795      1.3704228
            794      1.3678850
            793      1.3653324
            792      1.3628657
            791      1.3603509
            790      1.3578865
            789      1.3552868
            788      1.3527881
            787      1.3504796
            786      1.3480540
            785      1.3456765
            784      1.3432516
            783      1.3407923
            782      1.3384336
            781      1.3360820
            780      1.3338914
            779      1.3316395
            778      1.3293197
            777      1.3271028
            776      1.3247499
            775      1.3224257
            774      1.3201842
            773      1.3179428
            772      1.3158005
            771      1.3135112
            770      1.3112755
            769      1.3089814
            768      1.3066245
            767      1.3044551
            766      1.3021566
            765      1.2999234
            764      1.2977219
            763      1.2954711
            762      1.2932529
            761      1.2910798
            760      1.2889912
            759      1.2867863
            758      1.2847548
            757      1.2826500
            756      1.2805113
            755      1.2782963
            754      1.2762916
            753      1.2742246
            752      1.2721242
            751      1.2700107
            750      1.2679163
            749      1.2658345
            748      1.2636852
            747      1.2616262
            746      1.2596738
            745      1.2575501
            744      1.2554692
            743      1.2533839
            742      1.2513182
            741      1.2492997
            740      1.2472433
            739      1.2452556
            738      1.2432117
            737      1.2410716
            736      1.2390618
            735      1.2370464
            734      1.2351458
            733      1.2332669
            732      1.2314016
            731      1.2294096
            730      1.2274802
            729      1.2256343
            728      1.2236606
            727      1.2217307
            726      1.2198310
            725      1.2178776
            724      1.2159534
            723      1.2140478
            722      1.2120439
            721      1.2101344
            720      1.2082359
            719      1.2064025
            718      1.2045650
            717      1.2027913
            716      1.2009957
            715      1.1992121
            714      1.1974017
            713      1.1955925
            712      1.1938901
            711      1.1919589
            710      1.1900507
            709      1.1881796
            708      1.1863320
            707      1.1844216
            706      1.1825973
            705      1.1807484
            704      1.1789014
            703      1.1770583
            702      1.1753135
            701      1.1734718
            700      1.1717815
            699      1.1699618
            698      1.1681279
            697      1.1664082
            696      1.1645515
            695      1.1628114
            694      1.1611260
            693      1.1593317
            692      1.1575342
            691      1.1557714
            690      1.1540164
            689      1.1522864
            688      1.1506445
            687      1.1489114
            686      1.1472727
            685      1.1455409
            684      1.1438938
            683      1.1421950
            682      1.1404669
            681      1.1387772
            680      1.1370628
            679      1.1354425
            678      1.1336735
            677      1.1321039
            676      1.1304412
            675      1.1287522
            674      1.1269931
            673      1.1253719
            672      1.1237278
            671      1.1220173
            670      1.1203724
            669      1.1186718
            668      1.1171062
            667      1.1154858
            666      1.1138964
            665      1.1121384
            664      1.1104883
            663      1.1088543
            662      1.1073281
            661      1.1057657
            660      1.1041316
            659      1.1025869
            658      1.1009714
            657      1.0993233
            656      1.0977766
            655      1.0961828
            654      1.0946199
            653      1.0930047
            652      1.0914010
            651      1.0898128
            650      1.0883009
            649      1.0866877
            648      1.0851178
            647      1.0835246
            646      1.0818998
            645      1.0803722
            644      1.0788690
            643      1.0773461
            642      1.0758279
            641      1.0741725
            640      1.0725975
            639      1.0710359
            638      1.0694404
            637      1.0680559
            636      1.0665661
            635      1.0650975
            634      1.0635441
            633      1.0621163
            632      1.0606297
            631      1.0590714
            630      1.0574977
            629      1.0559642
            628      1.0544629
            627      1.0529936
            626      1.0515534
            625      1.0500629
            624      1.0485446
            623      1.0469934
            622      1.0456137
            621      1.0441185
            620      1.0426291
            619      1.0411310
            618      1.0397064
            617      1.0381330
            616      1.0366523
            615      1.0352465
            614      1.0338327
            613      1.0323837
            612      1.0309799
            611      1.0294600
            610      1.0280613
            609      1.0266312
            608      1.0252114
            607      1.0237774
            606      1.0223299
            605      1.0209101
            604      1.0194794
            603      1.0180814
            602      1.0166797
            601      1.0151559
            600      1.0136864
            599      1.0122304
            598      1.0107537
            597      1.0093679
            596      1.0080128
            595      1.0066098
            594      1.0052345
            593      1.0038083
            592      1.0024600
            591      1.0010739
            590     0.99968972
            589     0.99830783
            588     0.99696449
            587     0.99557742
            586     0.99428316
            585     0.99287911
            584     0.99151641
            583     0.99014866
            582     0.98878515
            581     0.98744522
            580     0.98611375
            579     0.98477025
            578     0.98339092
            577     0.98203702
            576     0.98067040
            575     0.97925949
            574     0.97789263
            573     0.97661843
            572     0.97511978
            571     0.97376273
            570     0.97243740
            569     0.97111678
            568     0.96985056
            567     0.96850777
            566     0.96713529
            565     0.96578679
            564     0.96438868
            563     0.96312206
            562     0.96186638
            561     0.96057030
            560     0.95924338
            559     0.95787628
            558     0.95652014
            557     0.95523326
            556     0.95397374
            555     0.95263922
            554     0.95133563
            553     0.95005817
            552     0.94867657
            551     0.94736748
            550     0.94604503
            549     0.94477094
            548     0.94347062
            547     0.94220474
            546     0.94091708
            545     0.93966942
            544     0.93833229
            543     0.93706448
            542     0.93573853
            541     0.93452964
            540     0.93320549
            539     0.93192694
            538     0.93062020
            537     0.92936602
            536     0.92812907
            535     0.92687320
            534     0.92559170
            533     0.92434314
            532     0.92308555
            531     0.92183869
            530     0.92058862
            529     0.91930862
            528     0.91799667
            527     0.91677182
            526     0.91551930
            525     0.91416127
            524     0.91278332
            523     0.91149836
            522     0.91019427
            521     0.90892408
            520     0.90768546
            519     0.90641158
            518     0.90516627
            517     0.90390046
            516     0.90263163
            515     0.90141518
            514     0.90013721
            513     0.89884727
            512     0.89762506
            511     0.89643867
            510     0.89511166
            509     0.89388059
            508     0.89259147
            507     0.89141382
            506     0.89016579
            505     0.88893403
            504     0.88773846
            503     0.88648344
            502     0.88530023
            501     0.88403324
            500     0.88285861
            499     0.88165979
            498     0.88045347
            497     0.87921826
            496     0.87797459
            495     0.87676729
            494     0.87554020
            493     0.87428134
            492     0.87301090
            491     0.87185621
            490     0.87066786
            489     0.86946748
            488     0.86826984
            487     0.86710208
            486     0.86591911
            485     0.86475009
            484     0.86353467
            483     0.86229405
            482     0.86110810
            481     0.85991183
            480     0.85873440
            479     0.85749137
            478     0.85635996
            477     0.85515573
            476     0.85399435
            475     0.85282550
            474     0.85158169
            473     0.85043199
            472     0.84923786
            471     0.84801636
            470     0.84682088
            469     0.84554509
            468     0.84441129
            467     0.84320812
            466     0.84199338
            465     0.84080952
            464     0.83959308
            463     0.83833944
            462     0.83719210
            461     0.83604203
            460     0.83487724
            459     0.83368287
            458     0.83243347
            457     0.83130122
            456     0.83010729
            455     0.82891938
            454     0.82777014
            453     0.82662725
            452     0.82547160
            451     0.82421797
            450     0.82305258
            449     0.82188332
            448     0.82069290
            447     0.81956424
            446     0.81836278
            445     0.81716066
            444     0.81596431
            443     0.81480368
            442     0.81366335
            441     0.81251625
            440     0.81134213
            439     0.81017286
            438     0.80901211
            437     0.80791511
            436     0.80678058
            435     0.80559889
            434     0.80446643
            433     0.80336937
            432     0.80219055
            431     0.80101790
            430     0.79988282
            429     0.79875605
            428     0.79763072
            427     0.79647782
            426     0.79533326
            425     0.79415489
            424     0.79298565
            423     0.79183601
            422     0.79066160
            421     0.78948082
            420     0.78837802
            419     0.78724621
            418     0.78609609
            417     0.78494133
            416     0.78374768
            415     0.78262496
            414     0.78149496
            413     0.78034372
            412     0.77918003
            411     0.77803251
            410     0.77687437
            409     0.77572914
            408     0.77464478
            407     0.77345789
            406     0.77226197
            405     0.77117388
            404     0.77003518
            403     0.76887521
            402     0.76772513
            401     0.76657644
            400     0.76545756
            399     0.76441694
            398     0.76325785
            397     0.76211233
            396     0.76097949
            395     0.75988326
            394     0.75868868
            393     0.75756708
            392     0.75647452
            391     0.75536558
            390     0.75428949
            389     0.75316730
            388     0.75202368
            387     0.75090985
            386     0.74980460
            385     0.74867750
            384     0.74757087
            383     0.74644966
            382     0.74533698
            381     0.74416876
            380     0.74306985
            379     0.74196105
            378     0.74082912
            377     0.73966098
            376     0.73857644
            375     0.73739437
            374     0.73628787
            373     0.73515848
            372     0.73407807
            371     0.73289587
            370     0.73168063
            369     0.73059085
            368     0.72947434
            367     0.72842491
            366     0.72734332
            365     0.72620248
            364     0.72504520
            363     0.72391253
            362     0.72275047
            361     0.72163010
            360     0.72048795
            359     0.71937318
            358     0.71829786
            357     0.71716567
            356     0.71609224
            355     0.71495544
            354     0.71387984
            353     0.71276725
            352     0.71163181
            351     0.71047989
            350     0.70931633
            349     0.70818005
            348     0.70706168
            347     0.70599429
            346     0.70483372
            345     0.70379601
            344     0.70269936
            343     0.70158410
            342     0.70047775
            341     0.69932893
            340     0.69823256
            339     0.69712277
            338     0.69597648
            337     0.69484884
            336     0.69370097
            335     0.69258341
            334     0.69145378
            333     0.69040899
            332     0.68928344
            331     0.68814934
            330     0.68700911
            329     0.68595792
            328     0.68485884
            327     0.68374624
            326     0.68260700
            325     0.68152512
            324     0.68038267
            323     0.67930770
            322     0.67815366
            321     0.67701564
            320     0.67590432
            319     0.67474771
            318     0.67368715
            317     0.67258465
            316     0.67151100
            315     0.67036104
            314     0.66918201
            313     0.66807058
            312     0.66695456
            311     0.66589705
            310     0.66487375
            309     0.66372668
            308     0.66257718
            307     0.66145273
            306     0.66037425
            305     0.65931386
            304     0.65821828
            303     0.65709636
            302     0.65603528
            301     0.65488899
            300     0.65383330
            299     0.65273085
            298     0.65159747
            297     0.65052376
            296     0.64939336
            295     0.64830403
            294     0.64726031
            293     0.64616228
            292     0.64506110
            291     0.64392376
            290     0.64281831
            289     0.64166269
            288     0.64056603
            287     0.63940246
            286     0.63826917
            285     0.63716530
            284     0.63609566
            283     0.63500104
            282     0.63389235
            281     0.63275799
            280     0.63167034
            279     0.63048702
            278     0.62935827
            277     0.62827727
            276     0.62717139
            275     0.62606309
            274     0.62496995
            273     0.62389900
            272     0.62282788
            271     0.62168931
            270     0.62057731
            269     0.61942710
            268     0.61834387
            267     0.61718140
            266     0.61604967
            265     0.61492501
            264     0.61378740
            263     0.61274176
            262     0.61159119
            261     0.61046525
            260     0.60933413
            259     0.60821563
            258     0.60713316
            257     0.60598794
            256     0.60492862
            255     0.60378478
            254     0.60266043
            253     0.60152191
            252     0.60040949
            251     0.59921491
            250     0.59810251
            249     0.59697845
            248     0.59580011
            247     0.59464741
            246     0.59353056
            245     0.59245078
            244     0.59128334
            243     0.59015256
            242     0.58897084
            241     0.58789558
            240     0.58677145
            239     0.58565113
            238     0.58455739
            237     0.58344100
            236     0.58232597
            235     0.58124092
            234     0.58015772
            233     0.57901717
            232     0.57788083
            231     0.57680805
            230     0.57564942
            229     0.57448170
            228     0.57335968
            227     0.57213147
            226     0.57093527
            225     0.56983011
            224     0.56869663
            223     0.56754211
            222     0.56642852
            221     0.56531593
            220     0.56418855
            219     0.56299569
            218     0.56182154
            217     0.56067481
            216     0.55950098
            215     0.55835367
            214     0.55720080
            213     0.55607912
            212     0.55486191
            211     0.55366172
            210     0.55253324
            209     0.55131004
            208     0.55018054
            207     0.54899358
            206     0.54789295
            205     0.54666415
            204     0.54545568
            203     0.54428507
            202     0.54307786
            201     0.54196791
            200     0.54074520
            199     0.53953803
            198     0.53836769
            197     0.53712913
            196     0.53591083
            195     0.53469066
            194     0.53352204
            193     0.53236685
            192     0.53115709
            191     0.52996084
            190     0.52876963
            189     0.52751110
            188     0.52631337
            187     0.52513948
            186     0.52392937
            185     0.52277225
            184     0.52160979
            183     0.52039546
            182     0.51917428
            181     0.51798836
            180     0.51677505
            179     0.51556933
            178     0.51432605
            177     0.51312705
            176     0.51196574
            175     0.51079591
            174     0.50957131
            173     0.50835200
            172     0.50711652
            171     0.50586210
            170     0.50465427
            169     0.50333648
            168     0.50213043
            167     0.50083192
            166     0.49962530
            165     0.49843484
            164     0.49718215
            163     0.49588377
            162     0.49457312
            161     0.49333050
            160     0.49205643
            159     0.49082506
            158     0.48962824
            157     0.48838594
            156     0.48710919
            155     0.48584234
            154     0.48457515
            153     0.48334156
            152     0.48211452
            151     0.48088165
            150     0.47959614
            149     0.47834114
            148     0.47703465
            147     0.47583928
            146     0.47449520
            145     0.47320632
            144     0.47197092
            143     0.47070620
            142     0.46940894
            141     0.46805801
            140     0.46670485
            139     0.46545215
            138     0.46410971
            137     0.46279104
            136     0.46145915
            135     0.46021075
            134     0.45882518
            133     0.45750744
            132     0.45610906
            131     0.45471139
            130     0.45330749
            129     0.45194184
            128     0.45065225
            127     0.44931864
            126     0.44799431
            125     0.44662716
            124     0.44529630
            123     0.44388922
            122     0.44252280
            121     0.44107340
            120     0.43974286
            119     0.43840483
            118     0.43702458
            117     0.43569447
            116     0.43430280
            115     0.43283631
            114     0.43147373
            113     0.43006020
            112     0.42855879
            111     0.42712482
            110     0.42562028
            109     0.42422018
            108     0.42281792
            107     0.42130639
            106     0.41991295
            105     0.41842894
            104     0.41693963
            103     0.41541963
            102     0.41392626
            101     0.41244800
            100     0.41094849
             99     0.40950515
             98     0.40801899
             97     0.40646087
             96     0.40490106
             95     0.40335899
             94     0.40182403
             93     0.40029318
             92     0.39874093
             91     0.39710536
             90     0.39564840
             89     0.39407856
             88     0.39249916
             87     0.39088646
             86     0.38922676
             85     0.38763398
             84     0.38600397
             83     0.38441607
             82     0.38278795
             81     0.38114877
             80     0.37947533
             79     0.37783164
             78     0.37621481
             77     0.37456552
             76     0.37291916
             75     0.37120556
             74     0.36959028
             73     0.36790730
             72     0.36610894
             71     0.36436724
             70     0.36255677
             69     0.36075261
             68     0.35899017
             67     0.35722192
             66     0.35544793
             65     0.35358153
             64     0.35169810
             63     0.34985885
             62     0.34788055
             61     0.34603966
             60     0.34424698
             59     0.34237867
             58     0.34042389
             57     0.33845187
             56     0.33643928
             55     0.33443602
             54     0.33248002
             53     0.33051294
             52     0.32849316
             51     0.32643811
             50     0.32432586
             49     0.32230415
             48     0.32012889
             47     0.31805919
             46     0.31581213
             45     0.31374213
             44     0.31157061
             43     0.30924339
             42     0.30699313
             41     0.30448985
             40     0.30225890
             39     0.29991969
             38     0.29765565
             37     0.29511752
             36     0.29262471
             35     0.29013729
             34     0.28754287
             33     0.28489682
             32     0.28224559
             31     0.27946404
             30     0.27666198
             29     0.27366874
             28     0.27088770
             27     0.26796269
             26     0.26515397
             25     0.26220115
             24     0.25920752
             23     0.25610895
             22     0.25282625
             21     0.24936658
             20     0.24578971
             19     0.24220204
             18     0.23857213
             17     0.23485569
             16     0.23088015
             15     0.22681382
             14     0.22252291
             13     0.21790387
             12     0.21310678
             11     0.20828486
             10     0.20305620
              9     0.19756178
              8     0.19156503
              7     0.18489745
              6     0.17816096
              5     0.17020412
              4     0.16123078
              3     0.15004600
              2     0.13483187
              1     0.11068831
