            500      22.906370
            499      17.131148
            498      14.402094
            497      12.642038
            496      11.359003
            495      10.353675
            494      9.5466313
            493      8.8755571
            492      8.3134961
            491      7.8210069
            490      7.3880140
            489      7.0005048
            488      6.6556006
            487      6.3488248
            486      6.0641683
            485      5.8080500
            484      5.5719524
            483      5.3532469
            482      5.1504433
            481      4.9632452
            480      4.7876539
            479      4.6258240
            478      4.4733335
            477      4.3303464
            476      4.1948841
            475      4.0681641
            474      3.9504523
            473      3.8366586
            472      3.7310750
            471      3.6299118
            470      3.5342027
            469      3.4434316
            468      3.3559184
            467      3.2712671
            466      3.1934275
            465      3.1189113
            464      3.0465061
            463      2.9760854
            462      2.9088820
            461      2.8446709
            460      2.7832942
            459      2.7233335
            458      2.6665640
            457      2.6121097
            456      2.5587101
            455      2.5084754
            454      2.4588930
            453      2.4114226
            452      2.3656565
            451      2.3210370
            450      2.2775288
            449      2.2352636
            448      2.1946431
            447      2.1554861
            446      2.1167139
            445      2.0799802
            444      2.0441766
            443      2.0095294
            442      1.9753784
            441      1.9427138
            440      1.9110496
            439      1.8800360
            438      1.8501361
            437      1.8213229
            436      1.7925968
            435      1.7646618
            434      1.7373354
            433      1.7109468
            432      1.6855794
            431      1.6607911
            430      1.6363037
            429      1.6127529
            428      1.5892059
            427      1.5664790
            426      1.5443291
            425      1.5228446
            424      1.5017879
            423      1.4812842
            422      1.4612140
            421      1.4414469
            420      1.4222900
            419      1.4035899
            418      1.3855072
            417      1.3674668
            416      1.3499756
            415      1.3329621
            414      1.3163164
            413      1.3001825
            412      1.2843804
            411      1.2691360
            410      1.2540759
            409      1.2390371
            408      1.2245950
            407      1.2103973
            406      1.1965503
            405      1.1830579
            404      1.1698582
            403      1.1569504
            402      1.1443613
            401      1.1320317
            400      1.1197170
            399      1.1077820
            398      1.0960019
            397      1.0846118
            396      1.0733037
            395      1.0623736
            394      1.0515859
            393      1.0410114
            392      1.0304976
            391      1.0203475
            390      1.0103104
            389      1.0005522
            388     0.99097165
            387     0.98163026
            386     0.97244379
            385     0.96338504
            384     0.95462072
            383     0.94604506
            382     0.93746650
            381     0.92906842
            380     0.92099952
            379     0.91286248
            378     0.90491132
            377     0.89701575
            376     0.88934285
            375     0.88190733
            374     0.87451148
            373     0.86713044
            372     0.85994755
            371     0.85287822
            370     0.84567374
            369     0.83866793
            368     0.83189968
            367     0.82534223
            366     0.81884780
            365     0.81240816
            364     0.80608874
            363     0.79986478
            362     0.79357306
            361     0.78739130
            360     0.78127821
            359     0.77540202
            358     0.76943757
            357     0.76375235
            356     0.75798207
            355     0.75223316
            354     0.74662420
            353     0.74113924
            352     0.73564218
            351     0.73023952
            350     0.72481565
            349     0.71955658
            348     0.71439737
            347     0.70931876
            346     0.70424247
            345     0.69918946
            344     0.69421494
            343     0.68918072
            342     0.68438688
            341     0.67953547
            340     0.67473218
            339     0.67002742
            338     0.66540404
            337     0.66083142
            336     0.65621014
            335     0.65171157
            334     0.64728223
            333     0.64286739
            332     0.63844692
            331     0.63410347
            330     0.62977541
            329     0.62557750
            328     0.62138978
            327     0.61720913
            326     0.61294458
            325     0.60881382
            324     0.60471793
            323     0.60067990
            322     0.59668182
            321     0.59271853
            320     0.58884528
            319     0.58493292
            318     0.58098039
            317     0.57710889
            316     0.57335677
            315     0.56961498
            314     0.56586011
            313     0.56218565
            312     0.55846820
            311     0.55479144
            310     0.55116391
            309     0.54757929
            308     0.54404286
            307     0.54054098
            306     0.53699693
            305     0.53354999
            304     0.53010105
            303     0.52670751
            302     0.52330249
            301     0.51990439
            300     0.51656387
            299     0.51322563
            298     0.50990370
            297     0.50663751
            296     0.50335112
            295     0.50007863
            294     0.49684239
            293     0.49366815
            292     0.49048622
            291     0.48731699
            290     0.48418923
            289     0.48107592
            288     0.47801698
            287     0.47496046
            286     0.47187409
            285     0.46885650
            284     0.46587554
            283     0.46292783
            282     0.46004940
            281     0.45709213
            280     0.45416782
            279     0.45135792
            278     0.44852191
            277     0.44567006
            276     0.44286807
            275     0.44005644
            274     0.43720632
            273     0.43446011
            272     0.43165256
            271     0.42892986
            270     0.42620222
            269     0.42348653
            268     0.42080713
            267     0.41814550
            266     0.41548762
            265     0.41284691
            264     0.41015657
            263     0.40754573
            262     0.40493523
            261     0.40234243
            260     0.39976845
            259     0.39723287
            258     0.39469729
            257     0.39216221
            256     0.38966394
            255     0.38714185
            254     0.38468807
            253     0.38225527
            252     0.37983020
            251     0.37741085
            250     0.37498397
            249     0.37258202
            248     0.37017279
            247     0.36778450
            246     0.36544438
            245     0.36310702
            244     0.36080420
            243     0.35848724
            242     0.35616624
            241     0.35384465
            240     0.35156397
            239     0.34928857
            238     0.34702088
            237     0.34477133
            236     0.34254342
            235     0.34034191
            234     0.33813118
            233     0.33591561
            232     0.33370103
            231     0.33152984
            230     0.32939322
            229     0.32721628
            228     0.32505667
            227     0.32290286
            226     0.32074323
            225     0.31862523
            224     0.31651761
            223     0.31444161
            222     0.31240481
            221     0.31032017
            220     0.30825896
            219     0.30623776
            218     0.30417396
            217     0.30213267
            216     0.30007869
            215     0.29807428
            214     0.29609851
            213     0.29409579
            212     0.29208973
            211     0.29009767
            210     0.28815495
            209     0.28619925
            208     0.28424133
            207     0.28229564
            206     0.28036495
            205     0.27841562
            204     0.27645906
            203     0.27455385
            202     0.27268779
            201     0.27076024
            200     0.26887497
            199     0.26700528
            198     0.26511181
            197     0.26324322
            196     0.26139285
            195     0.25955840
            194     0.25772246
            193     0.25593191
            192     0.25407771
            191     0.25225370
            190     0.25045032
            189     0.24863893
            188     0.24684533
            187     0.24506702
            186     0.24331808
            185     0.24154546
            184     0.23981103
            183     0.23803660
            182     0.23631637
            181     0.23456865
            180     0.23284466
            179     0.23110939
            178     0.22939498
            177     0.22771120
            176     0.22602665
            175     0.22431938
            174     0.22265258
            173     0.22097186
            172     0.21932304
            171     0.21763379
            170     0.21598271
            169     0.21430936
            168     0.21266898
            167     0.21099760
            166     0.20935817
            165     0.20774934
            164     0.20610086
            163     0.20447683
            162     0.20286233
            161     0.20124474
            160     0.19966871
            159     0.19807849
            158     0.19649395
            157     0.19489919
            156     0.19331301
            155     0.19174272
            154     0.19021342
            153     0.18866730
            152     0.18712366
            151     0.18555846
            150     0.18403231
            149     0.18249802
            148     0.18095807
            147     0.17942972
            146     0.17790703
            145     0.17639205
            144     0.17487763
            143     0.17335592
            142     0.17187035
            141     0.17038992
            140     0.16890795
            139     0.16743474
            138     0.16597689
            137     0.16447353
            136     0.16299713
            135     0.16153343
            134     0.16005477
            133     0.15861993
            132     0.15717833
            131     0.15574201
            130     0.15430791
            129     0.15288864
            128     0.15148420
            127     0.15005468
            126     0.14861189
            125     0.14719015
            124     0.14579714
            123     0.14437941
            122     0.14297857
            121     0.14158065
            120     0.14018567
            119     0.13879747
            118     0.13739370
            117     0.13603589
            116     0.13467610
            115     0.13329496
            114     0.13191496
            113     0.13056134
            112     0.12919620
            111     0.12784459
            110     0.12649447
            109     0.12514436
            108     0.12382018
            107     0.12245984
            106     0.12113159
            105     0.11980348
            104     0.11847730
            103     0.11717692
            102     0.11585356
            101     0.11455111
            100     0.11326593
             99     0.11197530
             98     0.11065365
             97     0.10936620
             96     0.10808346
             95     0.10680435
             94     0.10553886
             93     0.10425696
             92     0.10298734
             91     0.10170299
             90     0.10042543
             89    0.099143837
             88    0.097901439
             87    0.096673687
             86    0.095425880
             85    0.094192196
             84    0.092948886
             83    0.091702003
             82    0.090453640
             81    0.089213888
             80    0.087992532
             79    0.086778289
             78    0.085547191
             77    0.084333832
             76    0.083122519
             75    0.081921126
             74    0.080715973
             73    0.079516435
             72    0.078325192
             71    0.077126939
             70    0.075928971
             69    0.074738604
             68    0.073535080
             67    0.072349077
             66    0.071155219
             65    0.069962720
             64    0.068804547
             63    0.067635822
             62    0.066459713
             61    0.065295682
             60    0.064126504
             59    0.062974454
             58    0.061810554
             57    0.060643741
             56    0.059492068
             55    0.058364007
             54    0.057198140
             53    0.056066338
             52    0.054935576
             51    0.053814650
             50    0.052700603
             49    0.051561254
             48    0.050470564
             47    0.049343312
             46    0.048227410
             45    0.047126602
             44    0.046014361
             43    0.044900720
             42    0.043801123
             41    0.042711386
             40    0.041619004
             39    0.040524941
             38    0.039432125
             37    0.038339592
             36    0.037255210
             35    0.036175031
             34    0.035083874
             33    0.034013743
             32    0.032940868
             31    0.031874855
             30    0.030799845
             29    0.029732047
             28    0.028676569
             27    0.027625006
             26    0.026579608
             25    0.025525701
             24    0.024476416
             23    0.023421625
             22    0.022385807
             21    0.021350818
             20    0.020302512
             19    0.019270949
             18    0.018236349
             17    0.017189181
             16    0.016170095
             15    0.015116602
             14    0.014106492
             13    0.013095164
             12    0.012104374
             11    0.011084605
             10    0.010075362
              9   0.0090503008
              8   0.0080349754
              7   0.0070174383
              6   0.0060064937
              5   0.0050073547
              4   0.0039962447
              3   0.0029905898
              2   0.0019890609
              1  0.00099618705
