           1000      4.8008057
            999      4.2703501
            998      3.9872740
            997      3.7979585
            996      3.6492056
            995      3.5335131
            994      3.4377154
            993      3.3523948
            992      3.2774747
            991      3.2110735
            990      3.1514905
            989      3.0960217
            988      3.0460892
            987      2.9993563
            986      2.9554352
            985      2.9132943
            984      2.8762562
            983      2.8403264
            982      2.8041644
            981      2.7716761
            980      2.7410297
            979      2.7117893
            978      2.6841334
            977      2.6575498
            976      2.6322405
            975      2.6078077
            974      2.5843850
            973      2.5600328
            972      2.5381384
            971      2.5168690
            970      2.4970683
            969      2.4780175
            968      2.4576930
            967      2.4387880
            966      2.4200413
            965      2.4021466
            964      2.3845530
            963      2.3675820
            962      2.3509327
            961      2.3347874
            960      2.3194984
            959      2.3047515
            958      2.2901669
            957      2.2759002
            956      2.2614444
            955      2.2482527
            954      2.2346187
            953      2.2214410
            952      2.2086152
            951      2.1965634
            950      2.1840519
            949      2.1714289
            948      2.1601412
            947      2.1485146
            946      2.1378121
            945      2.1266754
            944      2.1155730
            943      2.1049257
            942      2.0944543
            941      2.0840715
            940      2.0738110
            939      2.0636419
            938      2.0539686
            937      2.0444233
            936      2.0351934
            935      2.0262108
            934      2.0168400
            933      2.0081664
            932      1.9991865
            931      1.9902029
            930      1.9814430
            929      1.9731080
            928      1.9647830
            927      1.9562112
            926      1.9484359
            925      1.9402770
            924      1.9321448
            923      1.9237581
            922      1.9161488
            921      1.9081396
            920      1.9006200
            919      1.8933789
            918      1.8864781
            917      1.8791589
            916      1.8722696
            915      1.8654800
            914      1.8587549
            913      1.8518157
            912      1.8450070
            911      1.8382869
            910      1.8317786
            909      1.8253943
            908      1.8187859
            907      1.8122971
            906      1.8060003
            905      1.7997011
            904      1.7935617
            903      1.7875297
            902      1.7813378
            901      1.7752366
            900      1.7692219
            899      1.7636517
            898      1.7577973
            897      1.7519002
            896      1.7463614
            895      1.7409440
            894      1.7354483
            893      1.7298799
            892      1.7245798
            891      1.7195250
            890      1.7143674
            889      1.7093651
            888      1.7039294
            887      1.6987586
            886      1.6935889
            885      1.6884972
            884      1.6835014
            883      1.6786090
            882      1.6735898
            881      1.6686389
            880      1.6637954
            879      1.6590049
            878      1.6539168
            877      1.6491415
            876      1.6445232
            875      1.6397947
            874      1.6351017
            873      1.6306294
            872      1.6262372
            871      1.6218613
            870      1.6174484
            869      1.6128758
            868      1.6084851
            867      1.6044255
            866      1.6000676
            865      1.5958771
            864      1.5917323
            863      1.5877702
            862      1.5836455
            861      1.5794739
            860      1.5754168
            859      1.5711353
            858      1.5670523
            857      1.5627593
            856      1.5588755
            855      1.5549527
            854      1.5511556
            853      1.5472444
            852      1.5433221
            851      1.5395092
            850      1.5358693
            849      1.5321819
            848      1.5283738
            847      1.5248922
            846      1.5213044
            845      1.5175975
            844      1.5140458
            843      1.5105004
            842      1.5070023
            841      1.5033311
            840      1.4999954
            839      1.4964779
            838      1.4929471
            837      1.4894416
            836      1.4858778
            835      1.4827068
            834      1.4794128
            833      1.4759997
            832      1.4728146
            831      1.4692851
            830      1.4658494
            829      1.4624686
            828      1.4591430
            827      1.4558193
            826      1.4525938
            825      1.4492634
            824      1.4461088
            823      1.4430060
            822      1.4396899
            821      1.4365489
            820      1.4334162
            819      1.4302079
            818      1.4272166
            817      1.4241405
            816      1.4211766
            815      1.4181268
            814      1.4150668
            813      1.4120631
            812      1.4090890
            811      1.4061023
            810      1.4031889
            809      1.4002422
            808      1.3974003
            807      1.3945044
            806      1.3916304
            805      1.3888937
            804      1.3859442
            803      1.3831078
            802      1.3803688
            801      1.3777907
            800      1.3751439
            799      1.3724615
            798      1.3696770
            797      1.3669956
            796      1.3642362
            795      1.3615535
            794      1.3589359
            793      1.3563223
            792      1.3537450
            791      1.3510536
            790      1.3485533
            789      1.3459410
            788      1.3433750
            787      1.3408461
            786      1.3381620
            785      1.3356558
            784      1.3331858
            783      1.3307083
            782      1.3283281
            781      1.3258998
            780      1.3233563
            779      1.3208611
            778      1.3183774
            777      1.3159545
            776      1.3135633
            775      1.3109772
            774      1.3086164
            773      1.3062433
            772      1.3038281
            771      1.3014830
            770      1.2990845
            769      1.2967040
            768      1.2943384
            767      1.2921053
            766      1.2897260
            765      1.2873852
            764      1.2851565
            763      1.2829115
            762      1.2805364
            761      1.2780823
            760      1.2758934
            759      1.2736969
            758      1.2712869
            757      1.2690354
            756      1.2668338
            755      1.2646451
            754      1.2623228
            753      1.2600006
            752      1.2577410
            751      1.2554765
            750      1.2532491
            749      1.2510501
            748      1.2488731
            747      1.2466520
            746      1.2444342
            745      1.2422483
            744      1.2401178
            743      1.2378980
            742      1.2357489
            741      1.2335810
            740      1.2313776
            739      1.2292927
            738      1.2272289
            737      1.2251590
            736      1.2230533
            735      1.2208539
            734      1.2187107
            733      1.2167046
            732      1.2145332
            731      1.2123841
            730      1.2103483
            729      1.2082758
            728      1.2062000
            727      1.2041585
            726      1.2020871
            725      1.2001048
            724      1.1980715
            723      1.1959984
            722      1.1940790
            721      1.1921094
            720      1.1900505
            719      1.1879691
            718      1.1859703
            717      1.1839454
            716      1.1819101
            715      1.1800068
            714      1.1780019
            713      1.1759745
            712      1.1740358
            711      1.1720786
            710      1.1701457
            709      1.1682370
            708      1.1663941
            707      1.1645069
            706      1.1625531
            705      1.1606792
            704      1.1587662
            703      1.1569073
            702      1.1550455
            701      1.1531667
            700      1.1513932
            699      1.1495438
            698      1.1477126
            697      1.1458473
            696      1.1441105
            695      1.1423310
            694      1.1405293
            693      1.1387598
            692      1.1369045
            691      1.1352058
            690      1.1334522
            689      1.1316250
            688      1.1298185
            687      1.1281307
            686      1.1263891
            685      1.1246363
            684      1.1228846
            683      1.1210878
            682      1.1194301
            681      1.1177260
            680      1.1159201
            679      1.1142276
            678      1.1125206
            677      1.1107928
            676      1.1091239
            675      1.1074220
            674      1.1057060
            673      1.1041061
            672      1.1023738
            671      1.1006803
            670      1.0990121
            669      1.0973685
            668      1.0957192
            667      1.0940219
            666      1.0924668
            665      1.0908396
            664      1.0891845
            663      1.0874550
            662      1.0858223
            661      1.0841689
            660      1.0826374
            659      1.0810150
            658      1.0794371
            657      1.0778717
            656      1.0762587
            655      1.0746439
            654      1.0730746
            653      1.0714433
            652      1.0697987
            651      1.0681654
            650      1.0665488
            649      1.0649438
            648      1.0633056
            647      1.0617538
            646      1.0601498
            645      1.0585499
            644      1.0569602
            643      1.0553948
            642      1.0538826
            641      1.0523442
            640      1.0507467
            639      1.0492590
            638      1.0477128
            637      1.0461589
            636      1.0446228
            635      1.0430801
            634      1.0415872
            633      1.0400254
            632      1.0384308
            631      1.0369458
            630      1.0353539
            629      1.0337911
            628      1.0322267
            627      1.0307663
            626      1.0292124
            625      1.0275826
            624      1.0260154
            623      1.0244224
            622      1.0229018
            621      1.0214082
            620      1.0199843
            619      1.0184389
            618      1.0169676
            617      1.0154235
            616      1.0139699
            615      1.0125158
            614      1.0109555
            613      1.0095154
            612      1.0080044
            611      1.0065450
            610      1.0051144
            609      1.0036259
            608      1.0021536
            607      1.0006549
            606     0.99925553
            605     0.99771887
            604     0.99634939
            603     0.99492621
            602     0.99348977
            601     0.99199250
            600     0.99055808
            599     0.98912624
            598     0.98764023
            597     0.98626165
            596     0.98485215
            595     0.98349385
            594     0.98203576
            593     0.98066503
            592     0.97925882
            591     0.97784164
            590     0.97645484
            589     0.97507111
            588     0.97364911
            587     0.97222914
            586     0.97081278
            585     0.96938369
            584     0.96798227
            583     0.96662094
            582     0.96519862
            581     0.96380251
            580     0.96242887
            579     0.96109773
            578     0.95975731
            577     0.95840825
            576     0.95699600
            575     0.95558201
            574     0.95425126
            573     0.95289185
            572     0.95152115
            571     0.95018327
            570     0.94878155
            569     0.94734726
            568     0.94599154
            567     0.94462930
            566     0.94327540
            565     0.94190081
            564     0.94056494
            563     0.93921731
            562     0.93788462
            561     0.93653324
            560     0.93512916
            559     0.93381826
            558     0.93243164
            557     0.93110295
            556     0.92976687
            555     0.92842979
            554     0.92711238
            553     0.92572228
            552     0.92433101
            551     0.92305260
            550     0.92170086
            549     0.92034549
            548     0.91905645
            547     0.91780273
            546     0.91644504
            545     0.91513122
            544     0.91390029
            543     0.91263304
            542     0.91135633
            541     0.90999726
            540     0.90869395
            539     0.90739597
            538     0.90603576
            537     0.90470616
            536     0.90344643
            535     0.90213025
            534     0.90086047
            533     0.89952997
            532     0.89829129
            531     0.89703047
            530     0.89576038
            529     0.89446926
            528     0.89309524
            527     0.89176640
            526     0.89050345
            525     0.88922579
            524     0.88793192
            523     0.88663751
            522     0.88538726
            521     0.88414721
            520     0.88282478
            519     0.88158181
            518     0.88028694
            517     0.87907579
            516     0.87788577
            515     0.87667287
            514     0.87538801
            513     0.87411452
            512     0.87293497
            511     0.87168451
            510     0.87047979
            509     0.86923669
            508     0.86803016
            507     0.86678964
            506     0.86556055
            505     0.86437171
            504     0.86311699
            503     0.86192680
            502     0.86072373
            501     0.85955717
            500     0.85828955
            499     0.85702404
            498     0.85572473
            497     0.85448821
            496     0.85330370
            495     0.85215698
            494     0.85098834
            493     0.84968186
            492     0.84848993
            491     0.84731953
            490     0.84609823
            489     0.84488536
            488     0.84364009
            487     0.84244312
            486     0.84124144
            485     0.83994977
            484     0.83870691
            483     0.83756779
            482     0.83637066
            481     0.83521722
            480     0.83406140
            479     0.83286590
            478     0.83164708
            477     0.83044793
            476     0.82921877
            475     0.82802438
            474     0.82676727
            473     0.82560523
            472     0.82437270
            471     0.82318096
            470     0.82202744
            469     0.82080936
            468     0.81961127
            467     0.81845196
            466     0.81730307
            465     0.81615433
            464     0.81495748
            463     0.81376451
            462     0.81257973
            461     0.81142606
            460     0.81022343
            459     0.80901802
            458     0.80782358
            457     0.80664768
            456     0.80549482
            455     0.80433607
            454     0.80322276
            453     0.80211801
            452     0.80096534
            451     0.79978325
            450     0.79863775
            449     0.79745860
            448     0.79634565
            447     0.79515858
            446     0.79400413
            445     0.79282718
            444     0.79169688
            443     0.79055270
            442     0.78936502
            441     0.78821143
            440     0.78706933
            439     0.78590873
            438     0.78473386
            437     0.78359105
            436     0.78249474
            435     0.78130263
            434     0.78018050
            433     0.77906682
            432     0.77797883
            431     0.77690981
            430     0.77584405
            429     0.77474413
            428     0.77364338
            427     0.77253436
            426     0.77138934
            425     0.77025461
            424     0.76908200
            423     0.76796215
            422     0.76680084
            421     0.76565222
            420     0.76450771
            419     0.76335868
            418     0.76221962
            417     0.76112784
            416     0.76000301
            415     0.75889978
            414     0.75775271
            413     0.75664161
            412     0.75550652
            411     0.75437843
            410     0.75327621
            409     0.75217950
            408     0.75099998
            407     0.74990070
            406     0.74878562
            405     0.74762332
            404     0.74654066
            403     0.74543465
            402     0.74431471
            401     0.74314871
            400     0.74207320
            399     0.74096079
            398     0.73985707
            397     0.73877065
            396     0.73769041
            395     0.73663299
            394     0.73548703
            393     0.73435681
            392     0.73326126
            391     0.73212121
            390     0.73095104
            389     0.72984482
            388     0.72873843
            387     0.72761736
            386     0.72643405
            385     0.72536557
            384     0.72420989
            383     0.72307665
            382     0.72200782
            381     0.72087831
            380     0.71974135
            379     0.71863029
            378     0.71751603
            377     0.71636839
            376     0.71525328
            375     0.71412390
            374     0.71297746
            373     0.71188791
            372     0.71075181
            371     0.70969345
            370     0.70855653
            369     0.70746618
            368     0.70637888
            367     0.70531202
            366     0.70418580
            365     0.70311856
            364     0.70200043
            363     0.70090134
            362     0.69986488
            361     0.69875232
            360     0.69762103
            359     0.69658356
            358     0.69542707
            357     0.69435149
            356     0.69325135
            355     0.69215258
            354     0.69100668
            353     0.68991282
            352     0.68880867
            351     0.68772560
            350     0.68664144
            349     0.68551293
            348     0.68443563
            347     0.68331199
            346     0.68221308
            345     0.68114018
            344     0.68003691
            343     0.67893981
            342     0.67784975
            341     0.67667647
            340     0.67551752
            339     0.67444970
            338     0.67336423
            337     0.67232205
            336     0.67121483
            335     0.67010745
            334     0.66902002
            333     0.66795107
            332     0.66683661
            331     0.66579186
            330     0.66467565
            329     0.66348018
            328     0.66241564
            327     0.66133758
            326     0.66031036
            325     0.65924099
            324     0.65817236
            323     0.65708668
            322     0.65604605
            321     0.65494597
            320     0.65383493
            319     0.65278275
            318     0.65169286
            317     0.65065233
            316     0.64949689
            315     0.64839183
            314     0.64733694
            313     0.64624512
            312     0.64517532
            311     0.64410151
            310     0.64305383
            309     0.64199437
            308     0.64085793
            307     0.63975083
            306     0.63867555
            305     0.63766861
            304     0.63655302
            303     0.63542572
            302     0.63431662
            301     0.63333039
            300     0.63221665
            299     0.63112493
            298     0.63003351
            297     0.62895114
            296     0.62787295
            295     0.62681907
            294     0.62575001
            293     0.62462632
            292     0.62355561
            291     0.62247964
            290     0.62140370
            289     0.62035530
            288     0.61925132
            287     0.61814069
            286     0.61706336
            285     0.61596383
            284     0.61493108
            283     0.61382974
            282     0.61273289
            281     0.61162609
            280     0.61061640
            279     0.60956176
            278     0.60843109
            277     0.60737064
            276     0.60634164
            275     0.60522504
            274     0.60407815
            273     0.60298264
            272     0.60192375
            271     0.60083885
            270     0.59973892
            269     0.59865796
            268     0.59747222
            267     0.59639828
            266     0.59531151
            265     0.59424472
            264     0.59316257
            263     0.59205522
            262     0.59093304
            261     0.58981792
            260     0.58868330
            259     0.58758008
            258     0.58647816
            257     0.58539009
            256     0.58433886
            255     0.58327841
            254     0.58221531
            253     0.58114628
            252     0.58006648
            251     0.57895193
            250     0.57784828
            249     0.57678947
            248     0.57570345
            247     0.57454492
            246     0.57344024
            245     0.57236789
            244     0.57129333
            243     0.57018784
            242     0.56900052
            241     0.56794587
            240     0.56681321
            239     0.56575495
            238     0.56468493
            237     0.56355715
            236     0.56241546
            235     0.56130678
            234     0.56017851
            233     0.55903963
            232     0.55787968
            231     0.55671560
            230     0.55558746
            229     0.55443819
            228     0.55334701
            227     0.55223643
            226     0.55117526
            225     0.55007589
            224     0.54895248
            223     0.54780548
            222     0.54666381
            221     0.54552743
            220     0.54435111
            219     0.54325282
            218     0.54208870
            217     0.54097318
            216     0.53980282
            215     0.53862128
            214     0.53749677
            213     0.53633536
            212     0.53515649
            211     0.53406664
            210     0.53287611
            209     0.53178431
            208     0.53063518
            207     0.52951790
            206     0.52832767
            205     0.52711896
            204     0.52602083
            203     0.52491942
            202     0.52374357
            201     0.52261989
            200     0.52147375
            199     0.52032059
            198     0.51916355
            197     0.51799030
            196     0.51684467
            195     0.51564064
            194     0.51447639
            193     0.51332551
            192     0.51219750
            191     0.51097654
            190     0.50982742
            189     0.50861157
            188     0.50737550
            187     0.50626326
            186     0.50514034
            185     0.50398036
            184     0.50277270
            183     0.50156511
            182     0.50041840
            181     0.49922872
            180     0.49807738
            179     0.49688631
            178     0.49563892
            177     0.49446019
            176     0.49324821
            175     0.49198910
            174     0.49082746
            173     0.48958938
            172     0.48840125
            171     0.48717715
            170     0.48590800
            169     0.48470307
            168     0.48350009
            167     0.48229375
            166     0.48111466
            165     0.47989972
            164     0.47865949
            163     0.47744157
            162     0.47619810
            161     0.47496669
            160     0.47375167
            159     0.47248725
            158     0.47127321
            157     0.47005234
            156     0.46883423
            155     0.46758112
            154     0.46632946
            153     0.46507321
            152     0.46383339
            151     0.46259121
            150     0.46131494
            149     0.46002931
            148     0.45874681
            147     0.45751341
            146     0.45630945
            145     0.45508199
            144     0.45388298
            143     0.45263227
            142     0.45132295
            141     0.45008049
            140     0.44879965
            139     0.44759892
            138     0.44633750
            137     0.44508900
            136     0.44376656
            135     0.44243846
            134     0.44121658
            133     0.43998247
            132     0.43861388
            131     0.43737247
            130     0.43603051
            129     0.43466389
            128     0.43333636
            127     0.43199446
            126     0.43071509
            125     0.42940615
            124     0.42809030
            123     0.42670829
            122     0.42535219
            121     0.42401754
            120     0.42270962
            119     0.42129109
            118     0.41995773
            117     0.41863515
            116     0.41720731
            115     0.41576470
            114     0.41436716
            113     0.41306113
            112     0.41169156
            111     0.41039603
            110     0.40899751
            109     0.40763894
            108     0.40620475
            107     0.40467923
            106     0.40324988
            105     0.40186500
            104     0.40046136
            103     0.39903184
            102     0.39763801
            101     0.39620983
            100     0.39474388
             99     0.39332829
             98     0.39187021
             97     0.39041481
             96     0.38894064
             95     0.38746936
             94     0.38596738
             93     0.38447758
             92     0.38294655
             91     0.38140098
             90     0.37990691
             89     0.37837739
             88     0.37690076
             87     0.37535616
             86     0.37389236
             85     0.37227757
             84     0.37067388
             83     0.36915171
             82     0.36756952
             81     0.36605192
             80     0.36454729
             79     0.36285046
             78     0.36118860
             77     0.35951400
             76     0.35795229
             75     0.35616160
             74     0.35450931
             73     0.35282583
             72     0.35118514
             71     0.34957079
             70     0.34786764
             69     0.34623040
             68     0.34445989
             67     0.34272607
             66     0.34099556
             65     0.33918504
             64     0.33730235
             63     0.33552179
             62     0.33368410
             61     0.33183867
             60     0.33000195
             59     0.32814336
             58     0.32624646
             57     0.32439218
             56     0.32252838
             55     0.32069118
             54     0.31871426
             53     0.31680301
             52     0.31470721
             51     0.31273508
             50     0.31080448
             49     0.30879210
             48     0.30685586
             47     0.30480624
             46     0.30265750
             45     0.30043916
             44     0.29816989
             43     0.29602780
             42     0.29402542
             41     0.29180227
             40     0.28962005
             39     0.28742276
             38     0.28519672
             37     0.28304746
             36     0.28070527
             35     0.27817723
             34     0.27561425
             33     0.27310032
             32     0.27053219
             31     0.26794016
             30     0.26543424
             29     0.26272525
             28     0.26009479
             27     0.25728244
             26     0.25453083
             25     0.25167437
             24     0.24891119
             23     0.24580238
             22     0.24264594
             21     0.23937922
             20     0.23619988
             19     0.23259582
             18     0.22903000
             17     0.22564986
             16     0.22198744
             15     0.21819064
             14     0.21427317
             13     0.20994537
             12     0.20525624
             11     0.20050678
             10     0.19556735
              9     0.19020349
              8     0.18443573
              7     0.17811067
              6     0.17130711
              5     0.16343681
              4     0.15409848
              3     0.14313284
              2     0.12853158
              1     0.10600974
