            500      4.3897372
            499      3.8528464
            498      3.5694601
            497      3.3784180
            496      3.2340267
            495      3.1141635
            494      3.0145628
            493      2.9259095
            492      2.8497283
            491      2.7824260
            490      2.7214672
            489      2.6659627
            488      2.6153954
            487      2.5675675
            486      2.5234245
            485      2.4822106
            484      2.4437932
            483      2.4077067
            482      2.3735095
            481      2.3413594
            480      2.3105397
            479      2.2813745
            478      2.2539209
            477      2.2276851
            476      2.2025055
            475      2.1784772
            474      2.1549650
            473      2.1324934
            472      2.1104484
            471      2.0897271
            470      2.0693173
            469      2.0498011
            468      2.0309021
            467      2.0126050
            466      1.9947857
            465      1.9775630
            464      1.9609026
            463      1.9444157
            462      1.9287557
            461      1.9134091
            460      1.8984741
            459      1.8840736
            458      1.8704481
            457      1.8566483
            456      1.8432045
            455      1.8300219
            454      1.8170035
            453      1.8044253
            452      1.7921160
            451      1.7800672
            450      1.7683538
            449      1.7568848
            448      1.7454634
            447      1.7345294
            446      1.7236379
            445      1.7130157
            444      1.7025103
            443      1.6924207
            442      1.6824041
            441      1.6725189
            440      1.6629566
            439      1.6534796
            438      1.6440228
            437      1.6350211
            436      1.6259504
            435      1.6171351
            434      1.6083949
            433      1.5997732
            432      1.5913143
            431      1.5828254
            430      1.5746384
            429      1.5665479
            428      1.5586127
            427      1.5508487
            426      1.5430689
            425      1.5355473
            424      1.5279954
            423      1.5207200
            422      1.5136088
            421      1.5063855
            420      1.4993393
            419      1.4924340
            418      1.4854874
            417      1.4787231
            416      1.4719820
            415      1.4653938
            414      1.4588368
            413      1.4523732
            412      1.4459286
            411      1.4396588
            410      1.4334407
            409      1.4271714
            408      1.4211576
            407      1.4151499
            406      1.4092210
            405      1.4032622
            404      1.3974542
            403      1.3917360
            402      1.3860583
            401      1.3804344
            400      1.3749464
            399      1.3695244
            398      1.3641011
            397      1.3586420
            396      1.3532647
            395      1.3480370
            394      1.3427341
            393      1.3375672
            392      1.3324698
            391      1.3274341
            390      1.3225346
            389      1.3175329
            388      1.3125542
            387      1.3077526
            386      1.3029456
            385      1.2981496
            384      1.2934145
            383      1.2886877
            382      1.2839737
            381      1.2793512
            380      1.2747807
            379      1.2701391
            378      1.2655999
            377      1.2611133
            376      1.2567290
            375      1.2523652
            374      1.2479594
            373      1.2436569
            372      1.2392876
            371      1.2350612
            370      1.2308917
            369      1.2266383
            368      1.2224310
            367      1.2183257
            366      1.2141003
            365      1.2099820
            364      1.2058627
            363      1.2018894
            362      1.1979612
            361      1.1939713
            360      1.1900095
            359      1.1860686
            358      1.1821812
            357      1.1783368
            356      1.1744589
            355      1.1706049
            354      1.1668015
            353      1.1630106
            352      1.1592957
            351      1.1555770
            350      1.1518504
            349      1.1481487
            348      1.1444757
            347      1.1408591
            346      1.1372306
            345      1.1337144
            344      1.1301881
            343      1.1266338
            342      1.1231178
            341      1.1196412
            340      1.1161596
            339      1.1126735
            338      1.1093178
            337      1.1059002
            336      1.1024897
            335      1.0990975
            334      1.0956916
            333      1.0923100
            332      1.0889699
            331      1.0856451
            330      1.0823950
            329      1.0790639
            328      1.0758203
            327      1.0725434
            326      1.0692859
            325      1.0661014
            324      1.0629571
            323      1.0598310
            322      1.0566334
            321      1.0534936
            320      1.0503695
            319      1.0472469
            318      1.0442016
            317      1.0410856
            316      1.0380391
            315      1.0349617
            314      1.0319371
            313      1.0288893
            312      1.0258513
            311      1.0228257
            310      1.0197927
            309      1.0168322
            308      1.0138546
            307      1.0108848
            306      1.0079194
            305      1.0049819
            304      1.0020470
            303     0.99912659
            302     0.99623510
            301     0.99331646
            300     0.99041984
            299     0.98755541
            298     0.98470421
            297     0.98189192
            296     0.97903784
            295     0.97616138
            294     0.97338023
            293     0.97056135
            292     0.96776441
            291     0.96500779
            290     0.96221833
            289     0.95949144
            288     0.95675670
            287     0.95397268
            286     0.95125243
            285     0.94850813
            284     0.94579270
            283     0.94306746
            282     0.94036327
            281     0.93768478
            280     0.93500513
            279     0.93235569
            278     0.92972537
            277     0.92710743
            276     0.92444793
            275     0.92178629
            274     0.91917518
            273     0.91653773
            272     0.91394346
            271     0.91135720
            270     0.90878791
            269     0.90621002
            268     0.90365243
            267     0.90105542
            266     0.89848307
            265     0.89593647
            264     0.89339641
            263     0.89091084
            262     0.88839332
            261     0.88586870
            260     0.88333045
            259     0.88082836
            258     0.87834104
            257     0.87582721
            256     0.87335280
            255     0.87089474
            254     0.86839961
            253     0.86592156
            252     0.86345429
            251     0.86100420
            250     0.85857381
            249     0.85612558
            248     0.85366619
            247     0.85118979
            246     0.84877425
            245     0.84636196
            244     0.84394020
            243     0.84154680
            242     0.83908714
            241     0.83666516
            240     0.83425527
            239     0.83185900
            238     0.82946785
            237     0.82708757
            236     0.82470160
            235     0.82234926
            234     0.81995779
            233     0.81758093
            232     0.81525002
            231     0.81289709
            230     0.81051712
            229     0.80819974
            228     0.80590405
            227     0.80359388
            226     0.80123470
            225     0.79892316
            224     0.79658206
            223     0.79429196
            222     0.79196833
            221     0.78963563
            220     0.78738412
            219     0.78508662
            218     0.78276364
            217     0.78046511
            216     0.77816478
            215     0.77583965
            214     0.77352960
            213     0.77125121
            212     0.76897606
            211     0.76668668
            210     0.76443425
            209     0.76217946
            208     0.75991326
            207     0.75764370
            206     0.75540537
            205     0.75315266
            204     0.75089955
            203     0.74868638
            202     0.74645295
            201     0.74423025
            200     0.74200160
            199     0.73978722
            198     0.73753120
            197     0.73530633
            196     0.73308886
            195     0.73085929
            194     0.72861880
            193     0.72636600
            192     0.72414048
            191     0.72188018
            190     0.71966406
            189     0.71740055
            188     0.71517583
            187     0.71300095
            186     0.71078724
            185     0.70854337
            184     0.70633352
            183     0.70412398
            182     0.70193658
            181     0.69969476
            180     0.69750639
            179     0.69527493
            178     0.69305930
            177     0.69085329
            176     0.68862465
            175     0.68648758
            174     0.68426334
            173     0.68209683
            172     0.67992116
            171     0.67774318
            170     0.67555638
            169     0.67338044
            168     0.67119519
            167     0.66906153
            166     0.66686998
            165     0.66469216
            164     0.66251851
            163     0.66035354
            162     0.65817732
            161     0.65597204
            160     0.65380414
            159     0.65161473
            158     0.64945697
            157     0.64726748
            156     0.64506736
            155     0.64290015
            154     0.64068555
            153     0.63851485
            152     0.63635134
            151     0.63420582
            150     0.63200415
            149     0.62986418
            148     0.62767169
            147     0.62547580
            146     0.62331880
            145     0.62112423
            144     0.61897793
            143     0.61678872
            142     0.61458833
            141     0.61240270
            140     0.61021291
            139     0.60803624
            138     0.60588118
            137     0.60369312
            136     0.60150595
            135     0.59932077
            134     0.59717036
            133     0.59497020
            132     0.59279942
            131     0.59056929
            130     0.58840157
            129     0.58622873
            128     0.58402617
            127     0.58181082
            126     0.57959731
            125     0.57736214
            124     0.57515905
            123     0.57292113
            122     0.57070274
            121     0.56848636
            120     0.56628925
            119     0.56406094
            118     0.56182855
            117     0.55964344
            116     0.55739747
            115     0.55516414
            114     0.55287631
            113     0.55064277
            112     0.54839393
            111     0.54615604
            110     0.54392403
            109     0.54165048
            108     0.53936489
            107     0.53709134
            106     0.53477171
            105     0.53247176
            104     0.53021376
            103     0.52793567
            102     0.52564262
            101     0.52336615
            100     0.52105885
             99     0.51876566
             98     0.51647576
             97     0.51415715
             96     0.51182256
             95     0.50948168
             94     0.50714645
             93     0.50483925
             92     0.50249653
             91     0.50013750
             90     0.49774609
             89     0.49537823
             88     0.49301433
             87     0.49060892
             86     0.48818845
             85     0.48577146
             84     0.48332013
             83     0.48087198
             82     0.47844789
             81     0.47601773
             80     0.47359167
             79     0.47110450
             78     0.46861906
             77     0.46613365
             76     0.46366810
             75     0.46118098
             74     0.45869380
             73     0.45618561
             72     0.45364781
             71     0.45114292
             70     0.44859778
             69     0.44603106
             68     0.44345271
             67     0.44090991
             66     0.43828943
             65     0.43566316
             64     0.43305487
             63     0.43041631
             62     0.42773561
             61     0.42507886
             60     0.42240200
             59     0.41967724
             58     0.41698855
             57     0.41425743
             56     0.41145186
             55     0.40870118
             54     0.40588401
             53     0.40309186
             52     0.40026311
             51     0.39742579
             50     0.39452298
             49     0.39154845
             48     0.38862737
             47     0.38563487
             46     0.38265214
             45     0.37963829
             44     0.37652723
             43     0.37347647
             42     0.37039353
             41     0.36721572
             40     0.36400128
             39     0.36079474
             38     0.35753512
             37     0.35421082
             36     0.35088577
             35     0.34752853
             34     0.34404577
             33     0.34060893
             32     0.33713714
             31     0.33354255
             30     0.32989356
             29     0.32619133
             28     0.32243205
             27     0.31863014
             26     0.31478107
             25     0.31081739
             24     0.30676265
             23     0.30254947
             22     0.29820808
             21     0.29385099
             20     0.28934575
             19     0.28470644
             18     0.27997034
             17     0.27514860
             16     0.26997816
             15     0.26461377
             14     0.25913039
             13     0.25339705
             12     0.24752177
             11     0.24128484
             10     0.23468142
              9     0.22765156
              8     0.22002908
              7     0.21186172
              6     0.20301272
              5     0.19302320
              4     0.18149602
              3     0.16755448
              2     0.14977080
              1     0.12207319
