           1000      9.5479871
            999      8.1665142
            998      7.4758267
            997      7.0205657
            996      6.6711601
            995      6.3906002
            994      6.1633496
            993      5.9655898
            992      5.7940668
            991      5.6402433
            990      5.5015066
            989      5.3748812
            988      5.2591945
            987      5.1524136
            986      5.0525858
            985      4.9591865
            984      4.8735493
            983      4.7934972
            982      4.7164068
            981      4.6435929
            980      4.5745409
            979      4.5090246
            978      4.4465874
            977      4.3868127
            976      4.3305310
            975      4.2758771
            974      4.2227405
            973      4.1718939
            972      4.1228159
            971      4.0754362
            970      4.0304219
            969      3.9859402
            968      3.9431173
            967      3.9016928
            966      3.8615365
            965      3.8224007
            964      3.7847029
            963      3.7474668
            962      3.7118137
            961      3.6772909
            960      3.6432281
            959      3.6099968
            958      3.5780756
            957      3.5457136
            956      3.5149391
            955      3.4850704
            954      3.4559253
            953      3.4266017
            952      3.3985974
            951      3.3710491
            950      3.3440376
            949      3.3179381
            948      3.2922109
            947      3.2669135
            946      3.2419322
            945      3.2171140
            944      3.1928529
            943      3.1691220
            942      3.1459873
            941      3.1232213
            940      3.1007587
            939      3.0784817
            938      3.0567591
            937      3.0355878
            936      3.0148782
            935      2.9945514
            934      2.9743094
            933      2.9544816
            932      2.9349747
            931      2.9156125
            930      2.8966586
            929      2.8780096
            928      2.8593995
            927      2.8413146
            926      2.8234555
            925      2.8060538
            924      2.7885823
            923      2.7716038
            922      2.7545902
            921      2.7377761
            920      2.7211573
            919      2.7050402
            918      2.6886099
            917      2.6729488
            916      2.6571660
            915      2.6415009
            914      2.6261782
            913      2.6110676
            912      2.5962761
            911      2.5816092
            910      2.5667436
            909      2.5521543
            908      2.5382588
            907      2.5242324
            906      2.5104159
            905      2.4966234
            904      2.4830845
            903      2.4697517
            902      2.4563537
            901      2.4430878
            900      2.4301298
            899      2.4172329
            898      2.4046629
            897      2.3918888
            896      2.3797546
            895      2.3671923
            894      2.3549750
            893      2.3429265
            892      2.3310274
            891      2.3192895
            890      2.3074878
            889      2.2958841
            888      2.2842742
            887      2.2730157
            886      2.2618524
            885      2.2505930
            884      2.2394878
            883      2.2287155
            882      2.2178770
            881      2.2071561
            880      2.1965972
            879      2.1860026
            878      2.1756089
            877      2.1653558
            876      2.1550125
            875      2.1447894
            874      2.1348222
            873      2.1248400
            872      2.1148339
            871      2.1048813
            870      2.0952784
            869      2.0855620
            868      2.0759728
            867      2.0665280
            866      2.0570767
            865      2.0477977
            864      2.0385994
            863      2.0295909
            862      2.0203628
            861      2.0115842
            860      2.0026223
            859      1.9937172
            858      1.9850714
            857      1.9763715
            856      1.9675021
            855      1.9589035
            854      1.9503627
            853      1.9418336
            852      1.9335241
            851      1.9251991
            850      1.9168612
            849      1.9085450
            848      1.9003037
            847      1.8921791
            846      1.8842048
            845      1.8761525
            844      1.8680821
            843      1.8603134
            842      1.8525790
            841      1.8448733
            840      1.8372432
            839      1.8295240
            838      1.8218915
            837      1.8142270
            836      1.8068117
            835      1.7993440
            834      1.7919830
            833      1.7846889
            832      1.7773980
            831      1.7702509
            830      1.7629436
            829      1.7558438
            828      1.7486910
            827      1.7417471
            826      1.7347576
            825      1.7277343
            824      1.7207460
            823      1.7138707
            822      1.7070780
            821      1.7003219
            820      1.6936796
            819      1.6871485
            818      1.6805427
            817      1.6741254
            816      1.6675677
            815      1.6610087
            814      1.6545476
            813      1.6481896
            812      1.6418463
            811      1.6354273
            810      1.6290589
            809      1.6228144
            808      1.6165487
            807      1.6104141
            806      1.6042158
            805      1.5981493
            804      1.5920329
            803      1.5859321
            802      1.5798776
            801      1.5739781
            800      1.5680698
            799      1.5622378
            798      1.5562523
            797      1.5503483
            796      1.5446043
            795      1.5387621
            794      1.5331292
            793      1.5274651
            792      1.5217600
            791      1.5161070
            790      1.5105368
            789      1.5049535
            788      1.4994167
            787      1.4939337
            786      1.4884659
            785      1.4830535
            784      1.4775734
            783      1.4722899
            782      1.4670009
            781      1.4617171
            780      1.4564064
            779      1.4511551
            778      1.4459058
            777      1.4406973
            776      1.4355194
            775      1.4303679
            774      1.4252408
            773      1.4200828
            772      1.4151082
            771      1.4101196
            770      1.4051276
            769      1.4001209
            768      1.3951393
            767      1.3901338
            766      1.3851969
            765      1.3802539
            764      1.3753759
            763      1.3705534
            762      1.3657687
            761      1.3610296
            760      1.3562269
            759      1.3514270
            758      1.3466986
            757      1.3420209
            756      1.3373940
            755      1.3327762
            754      1.3281642
            753      1.3236152
            752      1.3190635
            751      1.3145597
            750      1.3100894
            749      1.3055923
            748      1.3011191
            747      1.2966477
            746      1.2921866
            745      1.2877484
            744      1.2833294
            743      1.2789453
            742      1.2746392
            741      1.2702612
            740      1.2658930
            739      1.2615940
            738      1.2572987
            737      1.2530867
            736      1.2488514
            735      1.2445901
            734      1.2403659
            733      1.2362022
            732      1.2320165
            731      1.2279008
            730      1.2237858
            729      1.2196699
            728      1.2155272
            727      1.2113866
            726      1.2073291
            725      1.2033555
            724      1.1993587
            723      1.1953193
            722      1.1913817
            721      1.1875443
            720      1.1836764
            719      1.1797940
            718      1.1758579
            717      1.1719651
            716      1.1681176
            715      1.1642720
            714      1.1604659
            713      1.1566328
            712      1.1528465
            711      1.1491058
            710      1.1453077
            709      1.1415894
            708      1.1378668
            707      1.1341749
            706      1.1304455
            705      1.1268051
            704      1.1231537
            703      1.1195026
            702      1.1157890
            701      1.1121964
            700      1.1085914
            699      1.1049782
            698      1.1014569
            697      1.0978969
            696      1.0943879
            695      1.0908860
            694      1.0874153
            693      1.0838949
            692      1.0804423
            691      1.0770175
            690      1.0736154
            689      1.0701911
            688      1.0667602
            687      1.0634010
            686      1.0599610
            685      1.0566065
            684      1.0532478
            683      1.0499112
            682      1.0465429
            681      1.0432051
            680      1.0398778
            679      1.0366094
            678      1.0333571
            677      1.0300591
            676      1.0268631
            675      1.0235971
            674      1.0204124
            673      1.0172094
            672      1.0140077
            671      1.0108780
            670      1.0076580
            669      1.0045093
            668      1.0013348
            667     0.99814735
            666     0.99502273
            665     0.99187591
            664     0.98878808
            663     0.98569400
            662     0.98258464
            661     0.97957037
            660     0.97653571
            659     0.97351319
            658     0.97051891
            657     0.96751402
            656     0.96446643
            655     0.96144973
            654     0.95849825
            653     0.95555393
            652     0.95256193
            651     0.94964684
            650     0.94669102
            649     0.94377229
            648     0.94082377
            647     0.93789724
            646     0.93500454
            645     0.93214765
            644     0.92928827
            643     0.92643350
            642     0.92354533
            641     0.92078299
            640     0.91792615
            639     0.91507395
            638     0.91222081
            637     0.90940521
            636     0.90661291
            635     0.90381684
            634     0.90104150
            633     0.89833254
            632     0.89557060
            631     0.89287836
            630     0.89016040
            629     0.88750836
            628     0.88483723
            627     0.88214056
            626     0.87941781
            625     0.87672451
            624     0.87402918
            623     0.87135723
            622     0.86873591
            621     0.86610671
            620     0.86338560
            619     0.86073523
            618     0.85815571
            617     0.85552475
            616     0.85289125
            615     0.85027244
            614     0.84772847
            613     0.84514970
            612     0.84261899
            611     0.84008864
            610     0.83752622
            609     0.83501019
            608     0.83248123
            607     0.82995594
            606     0.82747758
            605     0.82498480
            604     0.82249957
            603     0.82003155
            602     0.81751293
            601     0.81502102
            600     0.81253678
            599     0.81010770
            598     0.80767290
            597     0.80523448
            596     0.80279972
            595     0.80041776
            594     0.79801414
            593     0.79561318
            592     0.79328003
            591     0.79085222
            590     0.78845115
            589     0.78607098
            588     0.78370368
            587     0.78137494
            586     0.77900021
            585     0.77664114
            584     0.77426336
            583     0.77192272
            582     0.76958604
            581     0.76727351
            580     0.76494893
            579     0.76265431
            578     0.76035218
            577     0.75806798
            576     0.75576884
            575     0.75350636
            574     0.75124034
            573     0.74895563
            572     0.74669209
            571     0.74445777
            570     0.74225766
            569     0.74002332
            568     0.73780470
            567     0.73559867
            566     0.73337798
            565     0.73116493
            564     0.72891049
            563     0.72674802
            562     0.72452731
            561     0.72232728
            560     0.72015254
            559     0.71801323
            558     0.71580995
            557     0.71366411
            556     0.71149136
            555     0.70938373
            554     0.70721171
            553     0.70510215
            552     0.70296016
            551     0.70082961
            550     0.69868561
            549     0.69655573
            548     0.69444973
            547     0.69234211
            546     0.69025378
            545     0.68814273
            544     0.68605793
            543     0.68399059
            542     0.68190593
            541     0.67985653
            540     0.67783470
            539     0.67577596
            538     0.67373584
            537     0.67167565
            536     0.66968216
            535     0.66762149
            534     0.66557041
            533     0.66354655
            532     0.66147887
            531     0.65943242
            530     0.65740237
            529     0.65541937
            528     0.65341502
            527     0.65142079
            526     0.64942045
            525     0.64745900
            524     0.64549510
            523     0.64351324
            522     0.64155496
            521     0.63955076
            520     0.63758942
            519     0.63561258
            518     0.63369557
            517     0.63174844
            516     0.62980639
            515     0.62787365
            514     0.62596614
            513     0.62404911
            512     0.62216084
            511     0.62026582
            510     0.61837389
            509     0.61645858
            508     0.61455553
            507     0.61265409
            506     0.61076312
            505     0.60887324
            504     0.60698757
            503     0.60512708
            502     0.60326194
            501     0.60138292
            500     0.59953311
            499     0.59765693
            498     0.59580722
            497     0.59395315
            496     0.59211127
            495     0.59028626
            494     0.58844339
            493     0.58660332
            492     0.58479646
            491     0.58296913
            490     0.58112875
            489     0.57933734
            488     0.57751892
            487     0.57572595
            486     0.57391622
            485     0.57215939
            484     0.57036618
            483     0.56858788
            482     0.56681061
            481     0.56504158
            480     0.56326470
            479     0.56148898
            478     0.55975908
            477     0.55799132
            476     0.55622137
            475     0.55448321
            474     0.55274656
            473     0.55101155
            472     0.54928195
            471     0.54753809
            470     0.54583163
            469     0.54410555
            468     0.54240344
            467     0.54069609
            466     0.53902478
            465     0.53728230
            464     0.53558829
            463     0.53389393
            462     0.53217602
            461     0.53047750
            460     0.52878471
            459     0.52707945
            458     0.52538318
            457     0.52369202
            456     0.52201928
            455     0.52034405
            454     0.51865975
            453     0.51697950
            452     0.51531596
            451     0.51365698
            450     0.51198502
            449     0.51034758
            448     0.50869166
            447     0.50707782
            446     0.50541845
            445     0.50378550
            444     0.50217790
            443     0.50054864
            442     0.49894262
            441     0.49732438
            440     0.49571429
            439     0.49409382
            438     0.49248625
            437     0.49091410
            436     0.48931147
            435     0.48771080
            434     0.48610543
            433     0.48452015
            432     0.48294396
            431     0.48137910
            430     0.47978428
            429     0.47819979
            428     0.47659906
            427     0.47502818
            426     0.47347654
            425     0.47190216
            424     0.47031157
            423     0.46876343
            422     0.46720398
            421     0.46563669
            420     0.46408035
            419     0.46251418
            418     0.46096467
            417     0.45941011
            416     0.45787610
            415     0.45633835
            414     0.45478266
            413     0.45326166
            412     0.45171708
            411     0.45021263
            410     0.44869474
            409     0.44717613
            408     0.44567363
            407     0.44416933
            406     0.44266007
            405     0.44115955
            404     0.43964514
            403     0.43814317
            402     0.43665155
            401     0.43517855
            400     0.43371522
            399     0.43223912
            398     0.43073667
            397     0.42927311
            396     0.42778184
            395     0.42630337
            394     0.42484567
            393     0.42334909
            392     0.42188758
            391     0.42041608
            390     0.41895454
            389     0.41751170
            388     0.41606086
            387     0.41462161
            386     0.41317630
            385     0.41174155
            384     0.41031270
            383     0.40888267
            382     0.40743841
            381     0.40599817
            380     0.40457174
            379     0.40311684
            378     0.40168241
            377     0.40022574
            376     0.39880611
            375     0.39742153
            374     0.39598904
            373     0.39457869
            372     0.39317624
            371     0.39177740
            370     0.39036143
            369     0.38895982
            368     0.38757595
            367     0.38618321
            366     0.38479623
            365     0.38340549
            364     0.38201108
            363     0.38064576
            362     0.37926400
            361     0.37790192
            360     0.37652374
            359     0.37517297
            358     0.37379786
            357     0.37242383
            356     0.37104191
            355     0.36967159
            354     0.36830493
            353     0.36694106
            352     0.36557026
            351     0.36423386
            350     0.36288380
            349     0.36155638
            348     0.36020704
            347     0.35886649
            346     0.35752094
            345     0.35617935
            344     0.35482205
            343     0.35348009
            342     0.35216889
            341     0.35085266
            340     0.34949769
            339     0.34817035
            338     0.34684437
            337     0.34551256
            336     0.34420380
            335     0.34286560
            334     0.34155923
            333     0.34026439
            332     0.33896390
            331     0.33766327
            330     0.33637431
            329     0.33505944
            328     0.33374933
            327     0.33247256
            326     0.33116867
            325     0.32987896
            324     0.32859428
            323     0.32730560
            322     0.32605347
            321     0.32478362
            320     0.32351307
            319     0.32223592
            318     0.32093645
            317     0.31966571
            316     0.31840130
            315     0.31712082
            314     0.31587173
            313     0.31460074
            312     0.31334377
            311     0.31208662
            310     0.31084450
            309     0.30957292
            308     0.30830267
            307     0.30704640
            306     0.30578793
            305     0.30454863
            304     0.30331330
            303     0.30205514
            302     0.30083110
            301     0.29959000
            300     0.29835827
            299     0.29712244
            298     0.29588389
            297     0.29465683
            296     0.29342069
            295     0.29219696
            294     0.29097443
            293     0.28978251
            292     0.28857801
            291     0.28736217
            290     0.28615045
            289     0.28491049
            288     0.28370153
            287     0.28250703
            286     0.28129822
            285     0.28008311
            284     0.27888117
            283     0.27767755
            282     0.27647655
            281     0.27528802
            280     0.27408525
            279     0.27288819
            278     0.27169956
            277     0.27050840
            276     0.26932830
            275     0.26815908
            274     0.26699325
            273     0.26581795
            272     0.26463726
            271     0.26345581
            270     0.26229955
            269     0.26112422
            268     0.25996631
            267     0.25881117
            266     0.25765649
            265     0.25649077
            264     0.25533066
            263     0.25416221
            262     0.25298900
            261     0.25182505
            260     0.25068426
            259     0.24952486
            258     0.24838703
            257     0.24723152
            256     0.24608456
            255     0.24493316
            254     0.24378545
            253     0.24266754
            252     0.24151769
            251     0.24038684
            250     0.23926213
            249     0.23812767
            248     0.23699292
            247     0.23587251
            246     0.23474005
            245     0.23360506
            244     0.23246340
            243     0.23133050
            242     0.23020217
            241     0.22908838
            240     0.22795779
            239     0.22686109
            238     0.22575025
            237     0.22464010
            236     0.22351035
            235     0.22238677
            234     0.22125500
            233     0.22013371
            232     0.21901593
            231     0.21792640
            230     0.21682792
            229     0.21571966
            228     0.21460744
            227     0.21351454
            226     0.21243377
            225     0.21135127
            224     0.21024429
            223     0.20916324
            222     0.20805754
            221     0.20697620
            220     0.20589341
            219     0.20480407
            218     0.20373043
            217     0.20264593
            216     0.20158777
            215     0.20050750
            214     0.19940650
            213     0.19833465
            212     0.19726065
            211     0.19618505
            210     0.19511312
            209     0.19403094
            208     0.19297681
            207     0.19190158
            206     0.19083714
            205     0.18978324
            204     0.18873728
            203     0.18767770
            202     0.18662992
            201     0.18557815
            200     0.18453209
            199     0.18348423
            198     0.18245410
            197     0.18141983
            196     0.18036332
            195     0.17933951
            194     0.17828826
            193     0.17724727
            192     0.17619540
            191     0.17512957
            190     0.17408955
            189     0.17304163
            188     0.17199662
            187     0.17095865
            186     0.16991407
            185     0.16886858
            184     0.16783061
            183     0.16683552
            182     0.16580072
            181     0.16477597
            180     0.16375627
            179     0.16274347
            178     0.16173313
            177     0.16072132
            176     0.15971236
            175     0.15869576
            174     0.15769048
            173     0.15670000
            172     0.15568304
            171     0.15468966
            170     0.15365884
            169     0.15265668
            168     0.15165302
            167     0.15063475
            166     0.14961511
            165     0.14861540
            164     0.14760852
            163     0.14661153
            162     0.14560699
            161     0.14461423
            160     0.14361333
            159     0.14262861
            158     0.14162660
            157     0.14062241
            156     0.13963760
            155     0.13864934
            154     0.13767628
            153     0.13669010
            152     0.13570447
            151     0.13471775
            150     0.13373654
            149     0.13272893
            148     0.13173937
            147     0.13076908
            146     0.12980157
            145     0.12883986
            144     0.12787750
            143     0.12691550
            142     0.12593949
            141     0.12498335
            140     0.12401050
            139     0.12304601
            138     0.12209742
            137     0.12115251
            136     0.12020201
            135     0.11923851
            134     0.11827729
            133     0.11733269
            132     0.11637299
            131     0.11543681
            130     0.11447780
            129     0.11352676
            128     0.11256739
            127     0.11160940
            126     0.11066241
            125     0.10973549
            124     0.10879501
            123     0.10784143
            122     0.10689281
            121     0.10594406
            120     0.10500025
            119     0.10405324
            118     0.10310941
            117     0.10217497
            116     0.10123477
            115     0.10028621
            114    0.099354350
            113    0.098404915
            112    0.097464634
            111    0.096541922
            110    0.095608459
            109    0.094680379
            108    0.093742059
            107    0.092812106
            106    0.091868347
            105    0.090949733
            104    0.090024224
            103    0.089117370
            102    0.088205213
            101    0.087276016
            100    0.086365722
             99    0.085457564
             98    0.084554120
             97    0.083628074
             96    0.082734592
             95    0.081826310
             94    0.080912866
             93    0.080002298
             92    0.079089189
             91    0.078192940
             90    0.077288928
             89    0.076398059
             88    0.075503677
             87    0.074597154
             86    0.073710341
             85    0.072809414
             84    0.071906621
             83    0.071018923
             82    0.070131643
             81    0.069229758
             80    0.068333907
             79    0.067431678
             78    0.066532139
             77    0.065636824
             76    0.064746976
             75    0.063844623
             74    0.062960471
             73    0.062072142
             72    0.061196924
             71    0.060312346
             70    0.059436458
             69    0.058557807
             68    0.057680866
             67    0.056799114
             66    0.055922802
             65    0.055028486
             64    0.054152151
             63    0.053276711
             62    0.052411562
             61    0.051525220
             60    0.050659407
             59    0.049795100
             58    0.048937949
             57    0.048061144
             56    0.047195411
             55    0.046318727
             54    0.045448166
             53    0.044573743
             52    0.043702139
             51    0.042831277
             50    0.041978394
             49    0.041104414
             48    0.040233307
             47    0.039366495
             46    0.038509155
             45    0.037658225
             44    0.036810307
             43    0.035952254
             42    0.035097686
             41    0.034245232
             40    0.033386256
             39    0.032539792
             38    0.031697427
             37    0.030859278
             36    0.030001286
             35    0.029164595
             34    0.028310797
             33    0.027454206
             32    0.026612121
             31    0.025775541
             30    0.024935136
             29    0.024089797
             28    0.023242687
             27    0.022394525
             26    0.021548123
             25    0.020713577
             24    0.019883361
             23    0.019037584
             22    0.018209509
             21    0.017363367
             20    0.016525222
             19    0.015694366
             18    0.014861557
             17    0.014020246
             16    0.013192559
             15    0.012366863
             14    0.011540511
             13    0.010704055
             12   0.0098717914
             11   0.0090393631
             10   0.0082085329
              9   0.0073765430
              8   0.0065398799
              7   0.0057215964
              6   0.0049039690
              5   0.0040776078
              4   0.0032614959
              3   0.0024331848
              2   0.0016151542
              1  0.00080782339
