           1000      91.842950
            999      64.414873
            998      49.083071
            997      39.159582
            996      32.295650
            995      27.270780
            994      23.467799
            993      20.545782
            992      18.195890
            991      16.285896
            990      14.728010
            989      13.411503
            988      12.282125
            987      11.325194
            986      10.509227
            985      9.7904684
            984      9.1689861
            983      8.6102147
            982      8.1084594
            981      7.6653192
            980      7.2649211
            979      6.8997602
            978      6.5762191
            977      6.2791878
            976      6.0045273
            975      5.7502646
            974      5.5171769
            973      5.2989811
            972      5.0980616
            971      4.9130242
            970      4.7436184
            969      4.5776735
            968      4.4266715
            967      4.2854734
            966      4.1521888
            965      4.0265718
            964      3.9091488
            963      3.7956835
            962      3.6891727
            961      3.5892280
            960      3.4954656
            959      3.4057118
            958      3.3206743
            957      3.2379505
            956      3.1595757
            955      3.0858255
            954      3.0149161
            953      2.9472103
            952      2.8828471
            951      2.8226098
            950      2.7632181
            949      2.7059884
            948      2.6517348
            947      2.5989654
            946      2.5486935
            945      2.5005173
            944      2.4537925
            943      2.4091699
            942      2.3662938
            941      2.3240958
            940      2.2836215
            939      2.2446144
            938      2.2072473
            937      2.1702541
            936      2.1346889
            935      2.1004304
            934      2.0670626
            933      2.0352398
            932      2.0036338
            931      1.9730666
            930      1.9435643
            929      1.9154683
            928      1.8879003
            927      1.8605718
            926      1.8342229
            925      1.8088055
            924      1.7837097
            923      1.7591759
            922      1.7355344
            921      1.7123598
            920      1.6897771
            919      1.6676739
            918      1.6462574
            917      1.6256284
            916      1.6052358
            915      1.5850511
            914      1.5654674
            913      1.5464753
            912      1.5276539
            911      1.5097208
            910      1.4922382
            909      1.4753819
            908      1.4587557
            907      1.4419779
            906      1.4259207
            905      1.4102388
            904      1.3948994
            903      1.3799850
            902      1.3651710
            901      1.3506973
            900      1.3366244
            899      1.3231247
            898      1.3098270
            897      1.2968860
            896      1.2841088
            895      1.2715600
            894      1.2590897
            893      1.2470983
            892      1.2351843
            891      1.2238455
            890      1.2126567
            889      1.2017020
            888      1.1910090
            887      1.1804681
            886      1.1701613
            885      1.1601327
            884      1.1501070
            883      1.1403446
            882      1.1307934
            881      1.1215851
            880      1.1124458
            879      1.1034911
            878      1.0948269
            877      1.0862178
            876      1.0776390
            875      1.0693959
            874      1.0613977
            873      1.0534883
            872      1.0457248
            871      1.0381906
            870      1.0307010
            869      1.0234191
            868      1.0161393
            867      1.0090730
            866      1.0021130
            865     0.99535350
            864     0.98862715
            863     0.98200345
            862     0.97556135
            861     0.96921972
            860     0.96288198
            859     0.95668724
            858     0.95067124
            857     0.94465179
            856     0.93879242
            855     0.93293724
            854     0.92717045
            853     0.92158307
            852     0.91601788
            851     0.91048252
            850     0.90509574
            849     0.89983733
            848     0.89460126
            847     0.88945363
            846     0.88434886
            845     0.87937209
            844     0.87445213
            843     0.86967357
            842     0.86501035
            841     0.86030180
            840     0.85569754
            839     0.85113595
            838     0.84658692
            837     0.84220793
            836     0.83777938
            835     0.83339044
            834     0.82909069
            833     0.82489677
            832     0.82068013
            831     0.81650056
            830     0.81234397
            829     0.80839004
            828     0.80444114
            827     0.80045171
            826     0.79654289
            825     0.79260963
            824     0.78875522
            823     0.78495758
            822     0.78123867
            821     0.77751616
            820     0.77384337
            819     0.77017783
            818     0.76663491
            817     0.76306397
            816     0.75954414
            815     0.75608089
            814     0.75260584
            813     0.74915945
            812     0.74585148
            811     0.74254573
            810     0.73928511
            809     0.73601026
            808     0.73275137
            807     0.72959672
            806     0.72638329
            805     0.72320396
            804     0.72009205
            803     0.71695866
            802     0.71385509
            801     0.71077025
            800     0.70776221
            799     0.70477422
            798     0.70182054
            797     0.69883894
            796     0.69596144
            795     0.69307125
            794     0.69024492
            793     0.68745796
            792     0.68463265
            791     0.68183484
            790     0.67907804
            789     0.67634440
            788     0.67358387
            787     0.67086722
            786     0.66816269
            785     0.66549815
            784     0.66282689
            783     0.66015958
            782     0.65759783
            781     0.65500098
            780     0.65243104
            779     0.64988586
            778     0.64734754
            777     0.64485795
            776     0.64238737
            775     0.63995091
            774     0.63746438
            773     0.63502535
            772     0.63255105
            771     0.63015177
            770     0.62778200
            769     0.62542047
            768     0.62307752
            767     0.62074024
            766     0.61836493
            765     0.61604397
            764     0.61377438
            763     0.61152039
            762     0.60924174
            761     0.60696893
            760     0.60470935
            759     0.60250335
            758     0.60030445
            757     0.59808700
            756     0.59593975
            755     0.59375117
            754     0.59161685
            753     0.58950782
            752     0.58738156
            751     0.58524572
            750     0.58312404
            749     0.58106337
            748     0.57898365
            747     0.57692377
            746     0.57484978
            745     0.57280780
            744     0.57075380
            743     0.56872785
            742     0.56674221
            741     0.56475171
            740     0.56277877
            739     0.56079150
            738     0.55884501
            737     0.55690285
            736     0.55496024
            735     0.55301094
            734     0.55110697
            733     0.54921793
            732     0.54730207
            731     0.54542776
            730     0.54354972
            729     0.54164465
            728     0.53977084
            727     0.53797530
            726     0.53615231
            725     0.53430924
            724     0.53248647
            723     0.53063512
            722     0.52888619
            721     0.52710993
            720     0.52536757
            719     0.52362675
            718     0.52186109
            717     0.52013549
            716     0.51840490
            715     0.51668427
            714     0.51497173
            713     0.51326858
            712     0.51157417
            711     0.50985532
            710     0.50816904
            709     0.50648135
            708     0.50479459
            707     0.50312535
            706     0.50149884
            705     0.49985615
            704     0.49822789
            703     0.49658989
            702     0.49494064
            701     0.49334735
            700     0.49171944
            699     0.49014137
            698     0.48854166
            697     0.48694077
            696     0.48536103
            695     0.48381597
            694     0.48224737
            693     0.48071126
            692     0.47918972
            691     0.47766302
            690     0.47614350
            689     0.47461290
            688     0.47309051
            687     0.47152522
            686     0.47005826
            685     0.46852522
            684     0.46703728
            683     0.46553228
            682     0.46404260
            681     0.46256774
            680     0.46107884
            679     0.45963700
            678     0.45818074
            677     0.45672994
            676     0.45529076
            675     0.45383760
            674     0.45239381
            673     0.45096519
            672     0.44956056
            671     0.44815166
            670     0.44671115
            669     0.44532218
            668     0.44392713
            667     0.44252690
            666     0.44113817
            665     0.43974449
            664     0.43835721
            663     0.43699636
            662     0.43563404
            661     0.43429494
            660     0.43292755
            659     0.43155656
            658     0.43024004
            657     0.42890715
            656     0.42759284
            655     0.42628493
            654     0.42495113
            653     0.42363400
            652     0.42231815
            651     0.42101948
            650     0.41973973
            649     0.41844289
            648     0.41716829
            647     0.41589720
            646     0.41462131
            645     0.41334466
            644     0.41207771
            643     0.41082024
            642     0.40957459
            641     0.40832491
            640     0.40708004
            639     0.40585856
            638     0.40462180
            637     0.40339376
            636     0.40215939
            635     0.40092070
            634     0.39971291
            633     0.39847868
            632     0.39725425
            631     0.39605485
            630     0.39483980
            629     0.39365526
            628     0.39247145
            627     0.39128035
            626     0.39010251
            625     0.38892548
            624     0.38772390
            623     0.38655650
            622     0.38538467
            621     0.38420889
            620     0.38303662
            619     0.38187834
            618     0.38070694
            617     0.37956836
            616     0.37841300
            615     0.37727525
            614     0.37613424
            613     0.37500938
            612     0.37388009
            611     0.37274856
            610     0.37161258
            609     0.37049587
            608     0.36936535
            607     0.36825041
            606     0.36712895
            605     0.36602266
            604     0.36490007
            603     0.36380708
            602     0.36272326
            601     0.36163765
            600     0.36055418
            599     0.35946343
            598     0.35839815
            597     0.35734768
            596     0.35626344
            595     0.35518849
            594     0.35412433
            593     0.35305431
            592     0.35199124
            591     0.35093323
            590     0.34988336
            589     0.34882738
            588     0.34778270
            587     0.34675516
            586     0.34570013
            585     0.34466723
            584     0.34362060
            583     0.34258303
            582     0.34156211
            581     0.34053371
            580     0.33950097
            579     0.33847076
            578     0.33743881
            577     0.33642766
            576     0.33539920
            575     0.33438481
            574     0.33338375
            573     0.33238709
            572     0.33140800
            571     0.33040163
            570     0.32942035
            569     0.32844137
            568     0.32746037
            567     0.32646127
            566     0.32547555
            565     0.32449894
            564     0.32353067
            563     0.32255725
            562     0.32157397
            561     0.32061483
            560     0.31964324
            559     0.31867634
            558     0.31770305
            557     0.31675400
            556     0.31580834
            555     0.31484469
            554     0.31388011
            553     0.31291816
            552     0.31197969
            551     0.31103993
            550     0.31009798
            549     0.30914964
            548     0.30822220
            547     0.30730261
            546     0.30637282
            545     0.30545194
            544     0.30452663
            543     0.30359656
            542     0.30268034
            541     0.30176007
            540     0.30083487
            539     0.29992457
            538     0.29902052
            537     0.29812357
            536     0.29722834
            535     0.29633909
            534     0.29545335
            533     0.29456364
            532     0.29367914
            531     0.29279437
            530     0.29189404
            529     0.29099096
            528     0.29011277
            527     0.28924187
            526     0.28836161
            525     0.28748276
            524     0.28660825
            523     0.28573258
            522     0.28486234
            521     0.28399470
            520     0.28313478
            519     0.28226574
            518     0.28140945
            517     0.28056898
            516     0.27972443
            515     0.27888386
            514     0.27803545
            513     0.27720226
            512     0.27635883
            511     0.27551740
            510     0.27466635
            509     0.27384509
            508     0.27301146
            507     0.27217359
            506     0.27134252
            505     0.27051749
            504     0.26968827
            503     0.26886269
            502     0.26804242
            501     0.26720793
            500     0.26639002
            499     0.26557097
            498     0.26475986
            497     0.26393480
            496     0.26313264
            495     0.26232978
            494     0.26153314
            493     0.26074066
            492     0.25994219
            491     0.25912406
            490     0.25830502
            489     0.25751448
            488     0.25671988
            487     0.25593494
            486     0.25514391
            485     0.25435189
            484     0.25356987
            483     0.25278557
            482     0.25199490
            481     0.25120996
            480     0.25042398
            479     0.24965984
            478     0.24888012
            477     0.24811643
            476     0.24733860
            475     0.24655344
            474     0.24576741
            473     0.24498962
            472     0.24422465
            471     0.24345388
            470     0.24268817
            469     0.24193533
            468     0.24117783
            467     0.24041373
            466     0.23965790
            465     0.23890115
            464     0.23815016
            463     0.23740078
            462     0.23664424
            461     0.23588205
            460     0.23512380
            459     0.23438701
            458     0.23364399
            457     0.23290555
            456     0.23217271
            455     0.23143851
            454     0.23069730
            453     0.22995122
            452     0.22921948
            451     0.22849445
            450     0.22777455
            449     0.22705049
            448     0.22632239
            447     0.22559186
            446     0.22487091
            445     0.22414275
            444     0.22342601
            443     0.22271080
            442     0.22199256
            441     0.22127118
            440     0.22055652
            439     0.21982875
            438     0.21911833
            437     0.21840355
            436     0.21768040
            435     0.21697725
            434     0.21628129
            433     0.21557611
            432     0.21489306
            431     0.21418588
            430     0.21349222
            429     0.21278425
            428     0.21210837
            427     0.21142589
            426     0.21072739
            425     0.21004142
            424     0.20936417
            423     0.20867509
            422     0.20798553
            421     0.20730024
            420     0.20660843
            419     0.20593216
            418     0.20523918
            417     0.20456574
            416     0.20388773
            415     0.20320540
            414     0.20252505
            413     0.20184502
            412     0.20117581
            411     0.20051417
            410     0.19984184
            409     0.19915227
            408     0.19849110
            407     0.19782700
            406     0.19715653
            405     0.19647981
            404     0.19581972
            403     0.19515365
            402     0.19449014
            401     0.19382585
            400     0.19317869
            399     0.19252632
            398     0.19186402
            397     0.19120716
            396     0.19055297
            395     0.18991176
            394     0.18927017
            393     0.18861965
            392     0.18796941
            391     0.18731930
            390     0.18667663
            389     0.18604978
            388     0.18539661
            387     0.18475559
            386     0.18411567
            385     0.18347233
            384     0.18283698
            383     0.18220035
            382     0.18155494
            381     0.18092065
            380     0.18029430
            379     0.17967423
            378     0.17905044
            377     0.17841075
            376     0.17778207
            375     0.17715996
            374     0.17653517
            373     0.17592380
            372     0.17530134
            371     0.17468077
            370     0.17405598
            369     0.17343126
            368     0.17281809
            367     0.17218702
            366     0.17156379
            365     0.17094239
            364     0.17032614
            363     0.16971716
            362     0.16909664
            361     0.16851010
            360     0.16789572
            359     0.16728330
            358     0.16667537
            357     0.16607107
            356     0.16545836
            355     0.16485249
            354     0.16425150
            353     0.16365427
            352     0.16305428
            351     0.16245443
            350     0.16185118
            349     0.16125844
            348     0.16065224
            347     0.16005958
            346     0.15946967
            345     0.15887649
            344     0.15827731
            343     0.15769553
            342     0.15710423
            341     0.15651446
            340     0.15593808
            339     0.15535141
            338     0.15475708
            337     0.15415859
            336     0.15356364
            335     0.15297795
            334     0.15241048
            333     0.15182912
            332     0.15125335
            331     0.15067286
            330     0.15009156
            329     0.14951145
            328     0.14893871
            327     0.14836931
            326     0.14779140
            325     0.14722559
            324     0.14665649
            323     0.14608455
            322     0.14551314
            321     0.14494548
            320     0.14438136
            319     0.14381589
            318     0.14325571
            317     0.14269196
            316     0.14213505
            315     0.14157369
            314     0.14100851
            313     0.14044163
            312     0.13988023
            311     0.13931774
            310     0.13876013
            309     0.13820729
            308     0.13764933
            307     0.13709782
            306     0.13654592
            305     0.13599144
            304     0.13543648
            303     0.13489290
            302     0.13434376
            301     0.13377839
            300     0.13323655
            299     0.13269482
            298     0.13214107
            297     0.13159914
            296     0.13105027
            295     0.13050963
            294     0.12996537
            293     0.12942242
            292     0.12888012
            291     0.12833795
            290     0.12779645
            289     0.12726362
            288     0.12672271
            287     0.12617663
            286     0.12564134
            285     0.12511065
            284     0.12458313
            283     0.12404934
            282     0.12352405
            281     0.12299090
            280     0.12246094
            279     0.12192676
            278     0.12138718
            277     0.12085626
            276     0.12032778
            275     0.11980226
            274     0.11927597
            273     0.11875886
            272     0.11823429
            271     0.11771088
            270     0.11719176
            269     0.11666816
            268     0.11615418
            267     0.11563132
            266     0.11510450
            265     0.11458816
            264     0.11407183
            263     0.11355284
            262     0.11303449
            261     0.11251562
            260     0.11200068
            259     0.11147532
            258     0.11096722
            257     0.11045469
            256     0.10994395
            255     0.10943960
            254     0.10893380
            253     0.10842273
            252     0.10791560
            251     0.10741239
            250     0.10690622
            249     0.10640013
            248     0.10588666
            247     0.10539420
            246     0.10488848
            245     0.10438996
            244     0.10389504
            243     0.10339028
            242     0.10289588
            241     0.10240160
            240     0.10190287
            239     0.10140131
            238     0.10090071
            237     0.10040771
            236    0.099917867
            235    0.099427929
            234    0.098930160
            233    0.098435355
            232    0.097946038
            231    0.097454798
            230    0.096969879
            229    0.096480147
            228    0.095989739
            227    0.095493964
            226    0.094999768
            225    0.094516273
            224    0.094031216
            223    0.093550280
            222    0.093060348
            221    0.092576079
            220    0.092089019
            219    0.091599281
            218    0.091115779
            217    0.090638293
            216    0.090160445
            215    0.089669525
            214    0.089193480
            213    0.088715750
            212    0.088233212
            211    0.087745874
            210    0.087268099
            209    0.086797396
            208    0.086325089
            207    0.085853859
            206    0.085374290
            205    0.084892870
            204    0.084416827
            203    0.083941282
            202    0.083466835
            201    0.082995817
            200    0.082520634
            199    0.082054272
            198    0.081580586
            197    0.081117206
            196    0.080653312
            195    0.080186493
            194    0.079718545
            193    0.079247392
            192    0.078776975
            191    0.078310505
            190    0.077844596
            189    0.077379616
            188    0.076914823
            187    0.076456055
            186    0.075992336
            185    0.075534078
            184    0.075075112
            183    0.074616245
            182    0.074150078
            181    0.073697640
            180    0.073245224
            179    0.072793846
            178    0.072329323
            177    0.071880372
            176    0.071414545
            175    0.070960955
            174    0.070512537
            173    0.070060089
            172    0.069613215
            171    0.069160629
            170    0.068710813
            169    0.068254922
            168    0.067805180
            167    0.067352116
            166    0.066912856
            165    0.066461146
            164    0.066011658
            163    0.065567623
            162    0.065118479
            161    0.064672394
            160    0.064225610
            159    0.063777861
            158    0.063330661
            157    0.062894687
            156    0.062453005
            155    0.062006298
            154    0.061569648
            153    0.061132981
            152    0.060693721
            151    0.060253594
            150    0.059817262
            149    0.059377808
            148    0.058938167
            147    0.058502961
            146    0.058068601
            145    0.057630694
            144    0.057195324
            143    0.056764662
            142    0.056334365
            141    0.055905696
            140    0.055469785
            139    0.055038976
            138    0.054602755
            137    0.054174393
            136    0.053737032
            135    0.053310288
            134    0.052885809
            133    0.052460979
            132    0.052039647
            131    0.051614841
            130    0.051182716
            129    0.050758835
            128    0.050325578
            127    0.049904427
            126    0.049478324
            125    0.049057827
            124    0.048630215
            123    0.048207300
            122    0.047776067
            121    0.047357345
            120    0.046933383
            119    0.046515963
            118    0.046087072
            117    0.045671166
            116    0.045260501
            115    0.044839582
            114    0.044415982
            113    0.044003149
            112    0.043585513
            111    0.043171001
            110    0.042754919
            109    0.042341626
            108    0.041922869
            107    0.041513712
            106    0.041101438
            105    0.040687043
            104    0.040276306
            103    0.039861785
            102    0.039452724
            101    0.039040859
            100    0.038625526
             99    0.038214944
             98    0.037806790
             97    0.037394368
             96    0.036987733
             95    0.036576064
             94    0.036173484
             93    0.035767079
             92    0.035357474
             91    0.034959436
             90    0.034556241
             89    0.034151520
             88    0.033742667
             87    0.033341725
             86    0.032943929
             85    0.032543616
             84    0.032133893
             83    0.031732948
             82    0.031327059
             81    0.030928071
             80    0.030521792
             79    0.030121469
             78    0.029717072
             77    0.029317517
             76    0.028920146
             75    0.028521424
             74    0.028122053
             73    0.027721024
             72    0.027318447
             71    0.026920633
             70    0.026524516
             69    0.026128209
             68    0.025734803
             67    0.025344010
             66    0.024953192
             65    0.024562702
             64    0.024165763
             63    0.023775204
             62    0.023387197
             61    0.022995825
             60    0.022601399
             59    0.022213104
             58    0.021828124
             57    0.021431262
             56    0.021045209
             55    0.020656153
             54    0.020271304
             53    0.019885558
             52    0.019497944
             51    0.019113373
             50    0.018732460
             49    0.018344139
             48    0.017961007
             47    0.017574089
             46    0.017188790
             45    0.016810505
             44    0.016427487
             43    0.016040579
             42    0.015650357
             41    0.015264705
             40    0.014880038
             39    0.014504697
             38    0.014129381
             37    0.013752065
             36    0.013367868
             35    0.012996815
             34    0.012609259
             33    0.012228913
             32    0.011845969
             31    0.011470206
             30    0.011100466
             29    0.010727529
             28    0.010345114
             27   0.0099725268
             26   0.0096051491
             25   0.0092302450
             24   0.0088564589
             23   0.0084811364
             22   0.0081073027
             21   0.0077290417
             20   0.0073542422
             19   0.0069782347
             18   0.0066063448
             17   0.0062367136
             16   0.0058739732
             15   0.0055012219
             14   0.0051314398
             13   0.0047636580
             12   0.0043923834
             11   0.0040294059
             10   0.0036681158
              9   0.0033061477
              8   0.0029374472
              7   0.0025623795
              6   0.0021938970
              5   0.0018259773
              4   0.0014629547
              3   0.0011008737
              2  0.00073058010
              1  0.00036526231
