            500      12.335513
            499      9.9901383
            498      8.8216573
            497      8.0718257
            496      7.4947176
            495      7.0468346
            494      6.6719664
            493      6.3548657
            492      6.0760439
            491      5.8335865
            490      5.6151524
            489      5.4212160
            488      5.2442940
            487      5.0818948
            486      4.9325619
            485      4.7928377
            484      4.6616212
            483      4.5386847
            482      4.4241433
            481      4.3158699
            480      4.2142516
            479      4.1177235
            478      4.0254162
            477      3.9387467
            476      3.8566984
            475      3.7773300
            474      3.7005833
            473      3.6276590
            472      3.5574483
            471      3.4907501
            470      3.4260823
            469      3.3638437
            468      3.3045437
            467      3.2468850
            466      3.1914671
            465      3.1383631
            464      3.0862540
            463      3.0360138
            462      2.9871370
            461      2.9404437
            460      2.8951027
            459      2.8506152
            458      2.8075371
            457      2.7655387
            456      2.7240499
            455      2.6840656
            454      2.6450428
            453      2.6080572
            452      2.5723039
            451      2.5365825
            450      2.5019372
            449      2.4686976
            448      2.4354730
            447      2.4031476
            446      2.3713940
            445      2.3405298
            444      2.3107748
            443      2.2813271
            442      2.2524652
            441      2.2240777
            440      2.1966724
            439      2.1701070
            438      2.1444840
            437      2.1185286
            436      2.0932596
            435      2.0683635
            434      2.0441173
            433      2.0204119
            432      1.9967849
            431      1.9739710
            430      1.9513484
            429      1.9292867
            428      1.9079707
            427      1.8865985
            426      1.8656640
            425      1.8450418
            424      1.8252893
            423      1.8057189
            422      1.7861582
            421      1.7668826
            420      1.7480675
            419      1.7296157
            418      1.7119897
            417      1.6944792
            416      1.6768112
            415      1.6592497
            414      1.6422045
            413      1.6259709
            412      1.6092730
            411      1.5933804
            410      1.5778910
            409      1.5624412
            408      1.5471708
            407      1.5321437
            406      1.5173894
            405      1.5028778
            404      1.4882628
            403      1.4743617
            402      1.4603066
            401      1.4467111
            400      1.4332984
            399      1.4200064
            398      1.4067960
            397      1.3940362
            396      1.3812242
            395      1.3687008
            394      1.3563265
            393      1.3439198
            392      1.3319752
            391      1.3202984
            390      1.3087860
            389      1.2974805
            388      1.2860624
            387      1.2747407
            386      1.2636734
            385      1.2527382
            384      1.2420084
            383      1.2315413
            382      1.2211810
            381      1.2109925
            380      1.2010585
            379      1.1910235
            378      1.1810349
            377      1.1711862
            376      1.1616493
            375      1.1521559
            374      1.1427016
            373      1.1333241
            372      1.1240361
            371      1.1150979
            370      1.1063001
            369      1.0976000
            368      1.0889525
            367      1.0803468
            366      1.0718351
            365      1.0635394
            364      1.0553861
            363      1.0471401
            362      1.0391208
            361      1.0311341
            360      1.0232445
            359      1.0154951
            358      1.0077827
            357      1.0002212
            356     0.99271500
            355     0.98519006
            354     0.97782584
            353     0.97051927
            352     0.96345068
            351     0.95642399
            350     0.94948218
            349     0.94274165
            348     0.93594637
            347     0.92924147
            346     0.92252614
            345     0.91584726
            344     0.90930474
            343     0.90289027
            342     0.89652858
            341     0.89021976
            340     0.88403125
            339     0.87778037
            338     0.87165506
            337     0.86558029
            336     0.85959130
            335     0.85359345
            334     0.84787066
            333     0.84208461
            332     0.83628945
            331     0.83068236
            330     0.82507501
            329     0.81951679
            328     0.81403996
            327     0.80855905
            326     0.80311096
            325     0.79779020
            324     0.79237960
            323     0.78706948
            322     0.78174579
            321     0.77656894
            320     0.77139188
            319     0.76617213
            318     0.76106722
            317     0.75611625
            316     0.75111568
            315     0.74618524
            314     0.74133140
            313     0.73645061
            312     0.73169148
            311     0.72688665
            310     0.72201800
            309     0.71730805
            308     0.71267036
            307     0.70807211
            306     0.70351415
            305     0.69897880
            304     0.69444819
            303     0.69004958
            302     0.68557851
            301     0.68124161
            300     0.67688079
            299     0.67256668
            298     0.66824074
            297     0.66392467
            296     0.65970789
            295     0.65541384
            294     0.65120560
            293     0.64707353
            292     0.64281579
            291     0.63868332
            290     0.63463244
            289     0.63067771
            288     0.62663385
            287     0.62257186
            286     0.61848623
            285     0.61453761
            284     0.61060289
            283     0.60675113
            282     0.60290314
            281     0.59909219
            280     0.59529961
            279     0.59149049
            278     0.58776117
            277     0.58395409
            276     0.58019781
            275     0.57646946
            274     0.57286259
            273     0.56927874
            272     0.56566740
            271     0.56198152
            270     0.55843720
            269     0.55488259
            268     0.55139846
            267     0.54784730
            266     0.54439155
            265     0.54090702
            264     0.53747864
            263     0.53407575
            262     0.53068178
            261     0.52724515
            260     0.52384786
            259     0.52044569
            258     0.51711912
            257     0.51380858
            256     0.51054799
            255     0.50723732
            254     0.50396958
            253     0.50071116
            252     0.49753745
            251     0.49435638
            250     0.49120895
            249     0.48807109
            248     0.48496060
            247     0.48181103
            246     0.47872863
            245     0.47565953
            244     0.47261580
            243     0.46958182
            242     0.46654568
            241     0.46344325
            240     0.46044086
            239     0.45743852
            238     0.45446627
            237     0.45145921
            236     0.44850204
            235     0.44556062
            234     0.44268682
            233     0.43976542
            232     0.43683911
            231     0.43399591
            230     0.43108462
            229     0.42825570
            228     0.42541273
            227     0.42264027
            226     0.41983482
            225     0.41709618
            224     0.41436121
            223     0.41156997
            222     0.40882818
            221     0.40604243
            220     0.40331360
            219     0.40063137
            218     0.39793559
            217     0.39527716
            216     0.39257661
            215     0.38997081
            214     0.38736929
            213     0.38473526
            212     0.38213701
            211     0.37957408
            210     0.37695980
            209     0.37436411
            208     0.37183865
            207     0.36928459
            206     0.36673166
            205     0.36421850
            204     0.36170731
            203     0.35919551
            202     0.35670709
            201     0.35424252
            200     0.35178504
            199     0.34933131
            198     0.34689230
            197     0.34445378
            196     0.34203469
            195     0.33958860
            194     0.33717611
            193     0.33476836
            192     0.33231411
            191     0.32990828
            190     0.32758535
            189     0.32520903
            188     0.32283561
            187     0.32050925
            186     0.31815999
            185     0.31588886
            184     0.31358628
            183     0.31127789
            182     0.30896798
            181     0.30666610
            180     0.30441208
            179     0.30214600
            178     0.29986266
            177     0.29768175
            176     0.29548138
            175     0.29326900
            174     0.29105484
            173     0.28886588
            172     0.28664819
            171     0.28445230
            170     0.28226284
            169     0.28008394
            168     0.27793175
            167     0.27577771
            166     0.27361036
            165     0.27148351
            164     0.26933183
            163     0.26723374
            162     0.26508770
            161     0.26299040
            160     0.26088125
            159     0.25873206
            158     0.25663915
            157     0.25456323
            156     0.25245546
            155     0.25040462
            154     0.24833379
            153     0.24629399
            152     0.24425779
            151     0.24222008
            150     0.24022149
            149     0.23819150
            148     0.23614796
            147     0.23410660
            146     0.23212078
            145     0.23016134
            144     0.22820626
            143     0.22624294
            142     0.22426209
            141     0.22231632
            140     0.22036733
            139     0.21844239
            138     0.21650799
            137     0.21457885
            136     0.21264461
            135     0.21069731
            134     0.20882034
            133     0.20693229
            132     0.20502746
            131     0.20314911
            130     0.20128160
            129     0.19940155
            128     0.19752567
            127     0.19567865
            126     0.19381015
            125     0.19196608
            124     0.19012155
            123     0.18829967
            122     0.18646684
            121     0.18466801
            120     0.18285474
            119     0.18102704
            118     0.17926056
            117     0.17742564
            116     0.17561289
            115     0.17382733
            114     0.17204441
            113     0.17028227
            112     0.16850145
            111     0.16674163
            110     0.16499967
            109     0.16324031
            108     0.16147146
            107     0.15972217
            106     0.15800894
            105     0.15627532
            104     0.15455427
            103     0.15283787
            102     0.15113894
            101     0.14944330
            100     0.14777637
             99     0.14608804
             98     0.14439246
             97     0.14273042
             96     0.14104754
             95     0.13934442
             94     0.13770283
             93     0.13606549
             92     0.13435676
             91     0.13271018
             90     0.13104598
             89     0.12942439
             88     0.12776453
             87     0.12614074
             86     0.12450287
             85     0.12284687
             84     0.12124206
             83     0.11962251
             82     0.11801834
             81     0.11638941
             80     0.11476296
             79     0.11315361
             78     0.11155153
             77     0.10994620
             76     0.10833818
             75     0.10673906
             74     0.10518637
             73     0.10362010
             72     0.10208157
             71     0.10052966
             70    0.098992503
             69    0.097444446
             68    0.095923033
             67    0.094400517
             66    0.092871603
             65    0.091349732
             64    0.089817916
             63    0.088281710
             62    0.086768717
             61    0.085253561
             60    0.083757347
             59    0.082269986
             58    0.080762131
             57    0.079242088
             56    0.077762317
             55    0.076259821
             54    0.074746952
             53    0.073263986
             52    0.071803368
             51    0.070357209
             50    0.068874034
             49    0.067385439
             48    0.065899435
             47    0.064427245
             46    0.062944387
             45    0.061490066
             44    0.060024714
             43    0.058609245
             42    0.057168337
             41    0.055737594
             40    0.054303704
             39    0.052862811
             38    0.051430900
             37    0.049986928
             36    0.048580764
             35    0.047188870
             34    0.045771785
             33    0.044341281
             32    0.042949548
             31    0.041544422
             30    0.040138627
             29    0.038742556
             28    0.037346563
             27    0.035939094
             26    0.034539443
             25    0.033176941
             24    0.031794412
             23    0.030438632
             22    0.029078030
             21    0.027709412
             20    0.026361941
             19    0.025026198
             18    0.023693360
             17    0.022331166
             16    0.020990422
             15    0.019653467
             14    0.018319660
             13    0.016993447
             12    0.015674276
             11    0.014336287
             10    0.013024379
              9    0.011686266
              8    0.010378574
              7   0.0090986048
              6   0.0077891616
              5   0.0064819214
              4   0.0051826397
              3   0.0038788790
              2   0.0025966006
              1   0.0012836657
