           1000      3.4017245
            999      3.1030019
            998      2.9607658
            997      2.8537279
            996      2.7733393
            995      2.7031588
            994      2.6495571
            993      2.6029477
            992      2.5602683
            991      2.5216152
            990      2.4885392
            989      2.4586738
            988      2.4308947
            987      2.4046759
            986      2.3794758
            985      2.3573657
            984      2.3369389
            983      2.3166768
            982      2.2977101
            981      2.2792145
            980      2.2619514
            979      2.2440463
            978      2.2277122
            977      2.2123920
            976      2.1974286
            975      2.1834011
            974      2.1696330
            973      2.1562755
            972      2.1446862
            971      2.1333917
            970      2.1217559
            969      2.1103817
            968      2.0988416
            967      2.0877820
            966      2.0771835
            965      2.0665048
            964      2.0558402
            963      2.0458313
            962      2.0364303
            961      2.0274245
            960      2.0186529
            959      2.0100845
            958      2.0015057
            957      1.9930499
            956      1.9842608
            955      1.9761050
            954      1.9679577
            953      1.9600440
            952      1.9519816
            951      1.9444124
            950      1.9371402
            949      1.9296315
            948      1.9225511
            947      1.9155220
            946      1.9086047
            945      1.9017928
            944      1.8950138
            943      1.8884597
            942      1.8819682
            941      1.8752119
            940      1.8688994
            939      1.8622590
            938      1.8559283
            937      1.8501195
            936      1.8442271
            935      1.8383448
            934      1.8324534
            933      1.8270826
            932      1.8216500
            931      1.8162666
            930      1.8107469
            929      1.8055656
            928      1.8001824
            927      1.7949575
            926      1.7897352
            925      1.7845368
            924      1.7796024
            923      1.7744888
            922      1.7695539
            921      1.7646111
            920      1.7597569
            919      1.7549266
            918      1.7501489
            917      1.7453480
            916      1.7407899
            915      1.7362491
            914      1.7317540
            913      1.7273899
            912      1.7229211
            911      1.7183565
            910      1.7139525
            909      1.7094248
            908      1.7052472
            907      1.7007821
            906      1.6964539
            905      1.6922734
            904      1.6882506
            903      1.6843356
            902      1.6803781
            901      1.6763385
            900      1.6721699
            899      1.6679572
            898      1.6638178
            897      1.6601774
            896      1.6562837
            895      1.6526759
            894      1.6487701
            893      1.6448829
            892      1.6412575
            891      1.6373956
            890      1.6337681
            889      1.6303039
            888      1.6267141
            887      1.6231213
            886      1.6195634
            885      1.6161589
            884      1.6128231
            883      1.6094450
            882      1.6058951
            881      1.6025100
            880      1.5990976
            879      1.5956143
            878      1.5924549
            877      1.5890456
            876      1.5858606
            875      1.5824892
            874      1.5791819
            873      1.5759090
            872      1.5727098
            871      1.5694013
            870      1.5661733
            869      1.5630547
            868      1.5596794
            867      1.5565723
            866      1.5533081
            865      1.5501152
            864      1.5470631
            863      1.5440984
            862      1.5410361
            861      1.5381528
            860      1.5352066
            859      1.5322310
            858      1.5292379
            857      1.5263549
            856      1.5233457
            855      1.5203385
            854      1.5174570
            853      1.5145806
            852      1.5116541
            851      1.5088161
            850      1.5061334
            849      1.5033497
            848      1.5005495
            847      1.4978299
            846      1.4950122
            845      1.4922922
            844      1.4893887
            843      1.4864810
            842      1.4838869
            841      1.4812581
            840      1.4787367
            839      1.4760222
            838      1.4733048
            837      1.4705973
            836      1.4679365
            835      1.4651590
            834      1.4625609
            833      1.4599152
            832      1.4574310
            831      1.4548519
            830      1.4522816
            829      1.4496485
            828      1.4471810
            827      1.4445857
            826      1.4421312
            825      1.4395703
            824      1.4371457
            823      1.4347926
            822      1.4323778
            821      1.4300337
            820      1.4276279
            819      1.4250806
            818      1.4225741
            817      1.4200891
            816      1.4176415
            815      1.4152751
            814      1.4129735
            813      1.4105334
            812      1.4082019
            811      1.4058297
            810      1.4034485
            809      1.4010898
            808      1.3989168
            807      1.3966215
            806      1.3943032
            805      1.3920227
            804      1.3896707
            803      1.3874118
            802      1.3850756
            801      1.3826900
            800      1.3804823
            799      1.3781728
            798      1.3758193
            797      1.3735539
            796      1.3712880
            795      1.3690333
            794      1.3669301
            793      1.3647712
            792      1.3626211
            791      1.3603560
            790      1.3581843
            789      1.3559698
            788      1.3538062
            787      1.3516852
            786      1.3496113
            785      1.3474766
            784      1.3452767
            783      1.3432287
            782      1.3412185
            781      1.3391619
            780      1.3372286
            779      1.3351437
            778      1.3331048
            777      1.3311290
            776      1.3290932
            775      1.3271382
            774      1.3251523
            773      1.3232091
            772      1.3210889
            771      1.3189695
            770      1.3168745
            769      1.3149168
            768      1.3129047
            767      1.3109047
            766      1.3088999
            765      1.3068870
            764      1.3048984
            763      1.3029277
            762      1.3009883
            761      1.2989566
            760      1.2969588
            759      1.2949865
            758      1.2930419
            757      1.2911643
            756      1.2892130
            755      1.2871806
            754      1.2852224
            753      1.2833364
            752      1.2814361
            751      1.2796684
            750      1.2777807
            749      1.2759430
            748      1.2740747
            747      1.2722717
            746      1.2702170
            745      1.2684339
            744      1.2665637
            743      1.2647058
            742      1.2628594
            741      1.2611088
            740      1.2592613
            739      1.2574080
            738      1.2556269
            737      1.2537916
            736      1.2519483
            735      1.2501649
            734      1.2484193
            733      1.2467076
            732      1.2449453
            731      1.2432046
            730      1.2415108
            729      1.2397720
            728      1.2379273
            727      1.2361461
            726      1.2344321
            725      1.2327950
            724      1.2310406
            723      1.2292682
            722      1.2274565
            721      1.2256872
            720      1.2239274
            719      1.2221618
            718      1.2204724
            717      1.2188723
            716      1.2172366
            715      1.2155339
            714      1.2138605
            713      1.2121639
            712      1.2105086
            711      1.2088365
            710      1.2070393
            709      1.2053691
            708      1.2036891
            707      1.2019589
            706      1.2002788
            705      1.1986322
            704      1.1969870
            703      1.1953695
            702      1.1936444
            701      1.1920556
            700      1.1904291
            699      1.1888267
            698      1.1871446
            697      1.1855823
            696      1.1839858
            695      1.1824060
            694      1.1807485
            693      1.1791767
            692      1.1775659
            691      1.1758909
            690      1.1743090
            689      1.1727577
            688      1.1712855
            687      1.1697204
            686      1.1681667
            685      1.1666413
            684      1.1649641
            683      1.1632629
            682      1.1616532
            681      1.1601277
            680      1.1584059
            679      1.1569092
            678      1.1553677
            677      1.1537398
            676      1.1522010
            675      1.1505992
            674      1.1490518
            673      1.1475782
            672      1.1460572
            671      1.1444611
            670      1.1429159
            669      1.1413674
            668      1.1397866
            667      1.1382592
            666      1.1366950
            665      1.1351390
            664      1.1335505
            663      1.1319800
            662      1.1303836
            661      1.1288605
            660      1.1273340
            659      1.1258393
            658      1.1242744
            657      1.1228295
            656      1.1213460
            655      1.1199457
            654      1.1184615
            653      1.1169770
            652      1.1155114
            651      1.1140848
            650      1.1126911
            649      1.1111716
            648      1.1097303
            647      1.1083954
            646      1.1068979
            645      1.1053843
            644      1.1038780
            643      1.1024560
            642      1.1010292
            641      1.0996228
            640      1.0981199
            639      1.0966658
            638      1.0952213
            637      1.0937344
            636      1.0922840
            635      1.0909313
            634      1.0895118
            633      1.0880164
            632      1.0866006
            631      1.0851671
            630      1.0837207
            629      1.0823167
            628      1.0809346
            627      1.0795577
            626      1.0781875
            625      1.0767472
            624      1.0753027
            623      1.0739734
            622      1.0725647
            621      1.0710679
            620      1.0696650
            619      1.0682843
            618      1.0668541
            617      1.0654556
            616      1.0641153
            615      1.0627050
            614      1.0613822
            613      1.0599405
            612      1.0585216
            611      1.0571451
            610      1.0557296
            609      1.0542677
            608      1.0529512
            607      1.0515373
            606      1.0501546
            605      1.0487385
            604      1.0473774
            603      1.0460519
            602      1.0446969
            601      1.0432599
            600      1.0419131
            599      1.0406066
            598      1.0392493
            597      1.0378734
            596      1.0364979
            595      1.0351772
            594      1.0338189
            593      1.0324458
            592      1.0310456
            591      1.0297117
            590      1.0283602
            589      1.0269875
            588      1.0257246
            587      1.0243548
            586      1.0230344
            585      1.0216568
            584      1.0203263
            583      1.0190291
            582      1.0176699
            581      1.0163240
            580      1.0149923
            579      1.0136801
            578      1.0123694
            577      1.0110444
            576      1.0096694
            575      1.0083381
            574      1.0070950
            573      1.0057361
            572      1.0044596
            571      1.0031585
            570      1.0018344
            569      1.0005554
            568     0.99927325
            567     0.99798433
            566     0.99662108
            565     0.99531041
            564     0.99400276
            563     0.99267520
            562     0.99136331
            561     0.99009598
            560     0.98881354
            559     0.98750184
            558     0.98621104
            557     0.98492361
            556     0.98365438
            555     0.98235092
            554     0.98107951
            553     0.97981681
            552     0.97863619
            551     0.97735935
            550     0.97616362
            549     0.97489782
            548     0.97362289
            547     0.97241511
            546     0.97114941
            545     0.96992010
            544     0.96863552
            543     0.96736322
            542     0.96606595
            541     0.96480357
            540     0.96352415
            539     0.96233832
            538     0.96104281
            537     0.95983625
            536     0.95861436
            535     0.95732335
            534     0.95610172
            533     0.95486148
            532     0.95359490
            531     0.95242172
            530     0.95116944
            529     0.94991764
            528     0.94870923
            527     0.94747443
            526     0.94629923
            525     0.94513375
            524     0.94391075
            523     0.94264797
            522     0.94142817
            521     0.94017257
            520     0.93894575
            519     0.93764712
            518     0.93639723
            517     0.93520832
            516     0.93393551
            515     0.93272689
            514     0.93155751
            513     0.93034130
            512     0.92912483
            511     0.92790749
            510     0.92669479
            509     0.92554534
            508     0.92433920
            507     0.92311305
            506     0.92191795
            505     0.92072109
            504     0.91950881
            503     0.91834500
            502     0.91715204
            501     0.91594889
            500     0.91475879
            499     0.91359288
            498     0.91243237
            497     0.91130420
            496     0.91007074
            495     0.90885522
            494     0.90771124
            493     0.90645869
            492     0.90525482
            491     0.90405360
            490     0.90284531
            489     0.90158985
            488     0.90040402
            487     0.89915842
            486     0.89798683
            485     0.89684698
            484     0.89563510
            483     0.89442604
            482     0.89324752
            481     0.89205659
            480     0.89086221
            479     0.88976125
            478     0.88859737
            477     0.88735285
            476     0.88625469
            475     0.88500947
            474     0.88385401
            473     0.88273136
            472     0.88153425
            471     0.88030113
            470     0.87913085
            469     0.87790391
            468     0.87674996
            467     0.87556675
            466     0.87439510
            465     0.87328262
            464     0.87206159
            463     0.87089825
            462     0.86973247
            461     0.86856508
            460     0.86738005
            459     0.86620147
            458     0.86501149
            457     0.86378218
            456     0.86262051
            455     0.86139411
            454     0.86025389
            453     0.85907078
            452     0.85792588
            451     0.85680732
            450     0.85562221
            449     0.85455413
            448     0.85342541
            447     0.85222459
            446     0.85104153
            445     0.84990190
            444     0.84873798
            443     0.84758328
            442     0.84644830
            441     0.84528250
            440     0.84407210
            439     0.84296685
            438     0.84181716
            437     0.84071207
            436     0.83952057
            435     0.83835480
            434     0.83723583
            433     0.83609906
            432     0.83494249
            431     0.83382461
            430     0.83263772
            429     0.83151069
            428     0.83039539
            427     0.82926477
            426     0.82815070
            425     0.82699380
            424     0.82580679
            423     0.82464621
            422     0.82347755
            421     0.82230689
            420     0.82117912
            419     0.82004452
            418     0.81889606
            417     0.81783283
            416     0.81674052
            415     0.81556646
            414     0.81438150
            413     0.81322816
            412     0.81214072
            411     0.81093135
            410     0.80972066
            409     0.80854261
            408     0.80738916
            407     0.80627065
            406     0.80518870
            405     0.80402052
            404     0.80288231
            403     0.80175139
            402     0.80055321
            401     0.79943845
            400     0.79835398
            399     0.79720741
            398     0.79605792
            397     0.79496717
            396     0.79383399
            395     0.79277154
            394     0.79169474
            393     0.79055250
            392     0.78945477
            391     0.78837328
            390     0.78727843
            389     0.78620543
            388     0.78505769
            387     0.78391977
            386     0.78275228
            385     0.78161074
            384     0.78052234
            383     0.77941787
            382     0.77827816
            381     0.77720106
            380     0.77608059
            379     0.77492420
            378     0.77382424
            377     0.77267844
            376     0.77148411
            375     0.77037162
            374     0.76919586
            373     0.76804819
            372     0.76691815
            371     0.76585016
            370     0.76472524
            369     0.76362695
            368     0.76248330
            367     0.76132363
            366     0.76018622
            365     0.75908423
            364     0.75793554
            363     0.75685743
            362     0.75572982
            361     0.75459528
            360     0.75344914
            359     0.75234712
            358     0.75122159
            357     0.75013055
            356     0.74897651
            355     0.74788665
            354     0.74678095
            353     0.74570900
            352     0.74464270
            351     0.74353660
            350     0.74242077
            349     0.74132409
            348     0.74023245
            347     0.73912742
            346     0.73807370
            345     0.73697413
            344     0.73587637
            343     0.73480043
            342     0.73364682
            341     0.73256433
            340     0.73149781
            339     0.73041903
            338     0.72931931
            337     0.72817581
            336     0.72707080
            335     0.72592242
            334     0.72486903
            333     0.72377204
            332     0.72265459
            331     0.72152991
            330     0.72046130
            329     0.71933131
            328     0.71820138
            327     0.71708041
            326     0.71594253
            325     0.71481115
            324     0.71370822
            323     0.71261602
            322     0.71149258
            321     0.71041410
            320     0.70928402
            319     0.70816071
            318     0.70702350
            317     0.70598132
            316     0.70477240
            315     0.70368379
            314     0.70259964
            313     0.70155420
            312     0.70037644
            311     0.69924836
            310     0.69812532
            309     0.69700153
            308     0.69589813
            307     0.69481123
            306     0.69373446
            305     0.69264665
            304     0.69153807
            303     0.69034499
            302     0.68923654
            301     0.68815639
            300     0.68700595
            299     0.68588595
            298     0.68474451
            297     0.68366460
            296     0.68254667
            295     0.68142027
            294     0.68040008
            293     0.67929961
            292     0.67819048
            291     0.67705514
            290     0.67593894
            289     0.67484384
            288     0.67376893
            287     0.67262898
            286     0.67149160
            285     0.67041189
            284     0.66931971
            283     0.66818737
            282     0.66706177
            281     0.66598145
            280     0.66486810
            279     0.66372926
            278     0.66255221
            277     0.66137956
            276     0.66029307
            275     0.65916279
            274     0.65802688
            273     0.65692097
            272     0.65577412
            271     0.65463894
            270     0.65349529
            269     0.65235108
            268     0.65119246
            267     0.65001495
            266     0.64887811
            265     0.64772784
            264     0.64654581
            263     0.64546334
            262     0.64429754
            261     0.64316719
            260     0.64203791
            259     0.64086718
            258     0.63971726
            257     0.63854738
            256     0.63737611
            255     0.63624679
            254     0.63510690
            253     0.63399723
            252     0.63281496
            251     0.63159727
            250     0.63046735
            249     0.62928555
            248     0.62810432
            247     0.62698842
            246     0.62590837
            245     0.62476519
            244     0.62360776
            243     0.62244174
            242     0.62129243
            241     0.62016177
            240     0.61901674
            239     0.61787660
            238     0.61670347
            237     0.61552746
            236     0.61434641
            235     0.61314395
            234     0.61197781
            233     0.61080031
            232     0.60958296
            231     0.60840392
            230     0.60722326
            229     0.60610815
            228     0.60490928
            227     0.60377177
            226     0.60261713
            225     0.60139082
            224     0.60021876
            223     0.59901138
            222     0.59783398
            221     0.59664302
            220     0.59545703
            219     0.59425722
            218     0.59304206
            217     0.59187385
            216     0.59068070
            215     0.58953319
            214     0.58831029
            213     0.58715320
            212     0.58594661
            211     0.58474069
            210     0.58350290
            209     0.58230239
            208     0.58106122
            207     0.57983288
            206     0.57866872
            205     0.57746627
            204     0.57629046
            203     0.57513147
            202     0.57395495
            201     0.57280077
            200     0.57165001
            199     0.57040456
            198     0.56920357
            197     0.56801407
            196     0.56679836
            195     0.56556553
            194     0.56433944
            193     0.56312870
            192     0.56187303
            191     0.56065371
            190     0.55949722
            189     0.55823516
            188     0.55688610
            187     0.55566944
            186     0.55446575
            185     0.55322645
            184     0.55194506
            183     0.55071050
            182     0.54946698
            181     0.54822396
            180     0.54697854
            179     0.54567723
            178     0.54441222
            177     0.54317948
            176     0.54189617
            175     0.54064960
            174     0.53940697
            173     0.53811519
            172     0.53684183
            171     0.53556979
            170     0.53429618
            169     0.53300567
            168     0.53170015
            167     0.53044666
            166     0.52921058
            165     0.52797516
            164     0.52666000
            163     0.52536685
            162     0.52404712
            161     0.52278215
            160     0.52148253
            159     0.52024117
            158     0.51902597
            157     0.51769322
            156     0.51635398
            155     0.51510720
            154     0.51379630
            153     0.51247519
            152     0.51115064
            151     0.50983478
            150     0.50840756
            149     0.50710071
            148     0.50575172
            147     0.50442809
            146     0.50308340
            145     0.50172390
            144     0.50037911
            143     0.49908824
            142     0.49778855
            141     0.49648504
            140     0.49509616
            139     0.49373083
            138     0.49237150
            137     0.49104805
            136     0.48967342
            135     0.48834368
            134     0.48697360
            133     0.48562084
            132     0.48414657
            131     0.48280049
            130     0.48138508
            129     0.47994861
            128     0.47850354
            127     0.47702728
            126     0.47563674
            125     0.47420248
            124     0.47286653
            123     0.47135657
            122     0.46997988
            121     0.46848856
            120     0.46710660
            119     0.46572429
            118     0.46426301
            117     0.46275042
            116     0.46126930
            115     0.45978463
            114     0.45845526
            113     0.45693406
            112     0.45539743
            111     0.45385794
            110     0.45241343
            109     0.45093623
            108     0.44943335
            107     0.44794580
            106     0.44642967
            105     0.44484629
            104     0.44339180
            103     0.44187532
            102     0.44037019
            101     0.43882222
            100     0.43725194
             99     0.43569589
             98     0.43416015
             97     0.43257835
             96     0.43093853
             95     0.42933450
             94     0.42781092
             93     0.42614816
             92     0.42454722
             91     0.42295168
             90     0.42137279
             89     0.41973404
             88     0.41795690
             87     0.41635620
             86     0.41476281
             85     0.41309164
             84     0.41138573
             83     0.40970757
             82     0.40799071
             81     0.40641476
             80     0.40472976
             79     0.40291082
             78     0.40118940
             77     0.39941707
             76     0.39760285
             75     0.39592039
             74     0.39414211
             73     0.39230715
             72     0.39050175
             71     0.38866236
             70     0.38689120
             69     0.38497826
             68     0.38313653
             67     0.38126612
             66     0.37939400
             65     0.37748680
             64     0.37560875
             63     0.37378236
             62     0.37173509
             61     0.36972399
             60     0.36783051
             59     0.36581576
             58     0.36369215
             57     0.36167613
             56     0.35970128
             55     0.35760256
             54     0.35546954
             53     0.35345642
             52     0.35131493
             51     0.34907532
             50     0.34690074
             49     0.34462476
             48     0.34248303
             47     0.34022009
             46     0.33779699
             45     0.33553454
             44     0.33313281
             43     0.33081333
             42     0.32841959
             41     0.32602834
             40     0.32356046
             39     0.32115133
             38     0.31884231
             37     0.31627843
             36     0.31375753
             35     0.31107331
             34     0.30861953
             33     0.30589192
             32     0.30305609
             31     0.30032170
             30     0.29750076
             29     0.29465531
             28     0.29167149
             27     0.28868091
             26     0.28560879
             25     0.28246351
             24     0.27916890
             23     0.27582112
             22     0.27246823
             21     0.26872560
             20     0.26488283
             19     0.26117030
             18     0.25725621
             17     0.25333659
             16     0.24908452
             15     0.24475571
             14     0.24042736
             13     0.23565145
             12     0.23045150
             11     0.22515590
             10     0.21976593
              9     0.21373487
              8     0.20741940
              7     0.20016621
              6     0.19238483
              5     0.18315082
              4     0.17328466
              3     0.16109662
              2     0.14531470
              1     0.12038594
