            500      21.736288
            499      16.760316
            498      13.891231
            497      12.384875
            496      11.172846
            495      10.253637
            494      9.3751227
            493      8.6431400
            492      8.1457560
            491      7.7335619
            490      7.2878852
            489      6.9169268
            488      6.6017945
            487      6.2926878
            486      6.0501584
            485      5.7988460
            484      5.5546268
            483      5.3495917
            482      5.1840745
            481      5.0091963
            480      4.8243716
            479      4.6499985
            478      4.5075505
            477      4.3468398
            476      4.2261820
            475      4.1050055
            474      4.0006166
            473      3.8770624
            472      3.7819033
            471      3.6755662
            470      3.5683921
            469      3.4742115
            468      3.3915689
            467      3.3166029
            466      3.2325447
            465      3.1669138
            464      3.0958562
            463      3.0137221
            462      2.9566497
            461      2.8857638
            460      2.8198862
            459      2.7521956
            458      2.6958697
            457      2.6416780
            456      2.5880749
            455      2.5426623
            454      2.4890501
            453      2.4440690
            452      2.3926251
            451      2.3483390
            450      2.3058208
            449      2.2570290
            448      2.2091537
            447      2.1720802
            446      2.1343016
            445      2.0966781
            444      2.0661797
            443      2.0273281
            442      1.9954460
            441      1.9629055
            440      1.9266134
            439      1.8958181
            438      1.8600309
            437      1.8320767
            436      1.8048502
            435      1.7815885
            434      1.7535343
            433      1.7271942
            432      1.6978233
            431      1.6704498
            430      1.6488284
            429      1.6231570
            428      1.6029681
            427      1.5783542
            426      1.5558298
            425      1.5335667
            424      1.5114156
            423      1.4897850
            422      1.4685038
            421      1.4516247
            420      1.4309383
            419      1.4136885
            418      1.3971248
            417      1.3789746
            416      1.3612507
            415      1.3427932
            414      1.3276247
            413      1.3128353
            412      1.2956013
            411      1.2796574
            410      1.2648585
            409      1.2495187
            408      1.2355516
            407      1.2207387
            406      1.2061090
            405      1.1902969
            404      1.1767914
            403      1.1630993
            402      1.1503293
            401      1.1372895
            400      1.1249142
            399      1.1131534
            398      1.1015708
            397      1.0911824
            396      1.0800267
            395      1.0685597
            394      1.0589741
            393      1.0488359
            392      1.0397306
            391      1.0293446
            390      1.0191826
            389      1.0107719
            388      1.0020338
            387     0.99272509
            386     0.98303892
            385     0.97456323
            384     0.96616676
            383     0.95830065
            382     0.94883670
            381     0.93952964
            380     0.93206275
            379     0.92422945
            378     0.91634789
            377     0.90868525
            376     0.90133409
            375     0.89327736
            374     0.88670729
            373     0.88000262
            372     0.87253540
            371     0.86503283
            370     0.85785490
            369     0.85115961
            368     0.84437128
            367     0.83741472
            366     0.83025025
            365     0.82391493
            364     0.81678185
            363     0.81036806
            362     0.80388740
            361     0.79769308
            360     0.79113699
            359     0.78488678
            358     0.77920272
            357     0.77279730
            356     0.76734874
            355     0.76170627
            354     0.75536674
            353     0.74907299
            352     0.74370657
            351     0.73780610
            350     0.73192795
            349     0.72639909
            348     0.72076579
            347     0.71604374
            346     0.71083886
            345     0.70561477
            344     0.70063669
            343     0.69640316
            342     0.69169091
            341     0.68681754
            340     0.68264096
            339     0.67818597
            338     0.67345641
            337     0.66869392
            336     0.66410276
            335     0.65977390
            334     0.65505834
            333     0.65076724
            332     0.64723979
            331     0.64320241
            330     0.63899754
            329     0.63477250
            328     0.63023909
            327     0.62621542
            326     0.62212410
            325     0.61844103
            324     0.61373026
            323     0.60901758
            322     0.60458965
            321     0.60066354
            320     0.59707037
            319     0.59367705
            318     0.58957527
            317     0.58564862
            316     0.58099174
            315     0.57712028
            314     0.57314995
            313     0.56950460
            312     0.56570450
            311     0.56169733
            310     0.55766329
            309     0.55406116
            308     0.55105590
            307     0.54735661
            306     0.54336386
            305     0.53940182
            304     0.53627478
            303     0.53290362
            302     0.52948112
            301     0.52644324
            300     0.52311808
            299     0.51969961
            298     0.51651260
            297     0.51325201
            296     0.51036031
            295     0.50675373
            294     0.50345183
            293     0.49982048
            292     0.49666001
            291     0.49362659
            290     0.49052189
            289     0.48706637
            288     0.48368868
            287     0.48042939
            286     0.47761588
            285     0.47459640
            284     0.47159509
            283     0.46860529
            282     0.46534109
            281     0.46246663
            280     0.45962571
            279     0.45699160
            278     0.45436349
            277     0.45155115
            276     0.44857282
            275     0.44547773
            274     0.44301350
            273     0.44043338
            272     0.43756607
            271     0.43435653
            270     0.43158253
            269     0.42879807
            268     0.42618929
            267     0.42361769
            266     0.42110651
            265     0.41885359
            264     0.41638903
            263     0.41367497
            262     0.41113823
            261     0.40864954
            260     0.40596909
            259     0.40364156
            258     0.40080282
            257     0.39829545
            256     0.39578705
            255     0.39299568
            254     0.39038603
            253     0.38791596
            252     0.38498404
            251     0.38240052
            250     0.38015493
            249     0.37783545
            248     0.37555105
            247     0.37322443
            246     0.37077639
            245     0.36823932
            244     0.36619408
            243     0.36338079
            242     0.36115577
            241     0.35901830
            240     0.35708060
            239     0.35467492
            238     0.35288612
            237     0.35050255
            236     0.34821395
            235     0.34616295
            234     0.34406471
            233     0.34206204
            232     0.34021041
            231     0.33767023
            230     0.33548789
            229     0.33337207
            228     0.33088937
            227     0.32868168
            226     0.32617021
            225     0.32410022
            224     0.32157379
            223     0.31943968
            222     0.31723135
            221     0.31503873
            220     0.31291123
            219     0.31075596
            218     0.30869981
            217     0.30654522
            216     0.30446629
            215     0.30248001
            214     0.30013284
            213     0.29829834
            212     0.29617453
            211     0.29418919
            210     0.29205702
            209     0.29014122
            208     0.28844580
            207     0.28617932
            206     0.28437097
            205     0.28249230
            204     0.28076742
            203     0.27893399
            202     0.27714304
            201     0.27487656
            200     0.27326029
            199     0.27133420
            198     0.26964328
            197     0.26796193
            196     0.26590962
            195     0.26402435
            194     0.26197523
            193     0.25980978
            192     0.25816109
            191     0.25616683
            190     0.25426222
            189     0.25218169
            188     0.25027781
            187     0.24834707
            186     0.24646625
            185     0.24470461
            184     0.24280916
            183     0.24091934
            182     0.23897468
            181     0.23714419
            180     0.23542396
            179     0.23375544
            178     0.23197874
            177     0.23014554
            176     0.22847325
            175     0.22681712
            174     0.22516146
            173     0.22367726
            172     0.22194273
            171     0.22034187
            170     0.21873215
            169     0.21706741
            168     0.21534089
            167     0.21400320
            166     0.21228285
            165     0.21075692
            164     0.20907417
            163     0.20747686
            162     0.20580762
            161     0.20417720
            160     0.20233260
            159     0.20075460
            158     0.19909088
            157     0.19735147
            156     0.19576513
            155     0.19392673
            154     0.19236068
            153     0.19080055
            152     0.18902951
            151     0.18736407
            150     0.18571356
            149     0.18428566
            148     0.18259812
            147     0.18094858
            146     0.17942040
            145     0.17768502
            144     0.17637364
            143     0.17495214
            142     0.17352756
            141     0.17226615
            140     0.17085805
            139     0.16925172
            138     0.16782935
            137     0.16640118
            136     0.16502842
            135     0.16369943
            134     0.16233646
            133     0.16073623
            132     0.15928737
            131     0.15784499
            130     0.15628565
            129     0.15480779
            128     0.15350491
            127     0.15215139
            126     0.15071793
            125     0.14945891
            124     0.14805164
            123     0.14660166
            122     0.14490592
            121     0.14351762
            120     0.14196759
            119     0.14056168
            118     0.13918778
            117     0.13758893
            116     0.13627156
            115     0.13484066
            114     0.13336751
            113     0.13195156
            112     0.13053850
            111     0.12935579
            110     0.12791519
            109     0.12659972
            108     0.12527845
            107     0.12401774
            106     0.12266058
            105     0.12118654
            104     0.11992032
            103     0.11871058
            102     0.11740259
            101     0.11587257
            100     0.11464566
             99     0.11333703
             98     0.11216337
             97     0.11087836
             96     0.10963777
             95     0.10819768
             94     0.10686985
             93     0.10560048
             92     0.10425556
             91     0.10297586
             90     0.10162730
             89     0.10037045
             88    0.099222144
             87    0.098042131
             86    0.096924423
             85    0.095598879
             84    0.094360576
             83    0.093304567
             82    0.092205675
             81    0.090966286
             80    0.089709014
             79    0.088572510
             78    0.087589495
             77    0.086524260
             76    0.085187909
             75    0.084018765
             74    0.082912737
             73    0.081726019
             72    0.080605261
             71    0.079466671
             70    0.078194335
             69    0.077037774
             68    0.075694762
             67    0.074548126
             66    0.073374693
             65    0.072075319
             64    0.070994049
             63    0.069916374
             62    0.068733639
             61    0.067425889
             60    0.066237650
             59    0.065068904
             58    0.063978155
             57    0.062788588
             56    0.061640314
             55    0.060539121
             54    0.059393255
             53    0.058230084
             52    0.056960658
             51    0.055858021
             50    0.054841910
             49    0.053773686
             48    0.052589606
             47    0.051410521
             46    0.050132067
             45    0.049114273
             44    0.047909719
             43    0.046690323
             42    0.045575935
             41    0.044284280
             40    0.043116833
             39    0.041910857
             38    0.040624391
             37    0.039654464
             36    0.038545861
             35    0.037396738
             34    0.036273007
             33    0.035199996
             32    0.034065628
             31    0.032882282
             30    0.031764930
             29    0.030512250
             28    0.029413486
             27    0.028273116
             26    0.027217732
             25    0.026081429
             24    0.025032311
             23    0.024006929
             22    0.022933434
             21    0.021887896
             20    0.020892564
             19    0.019804261
             18    0.018809031
             17    0.017687642
             16    0.016679630
             15    0.015727333
             14    0.014515850
             13    0.013395708
             12    0.012336803
             11    0.011316997
             10    0.010257302
              9   0.0093313427
              8   0.0082491239
              7   0.0072215016
              6   0.0060293373
              5   0.0050094803
              4   0.0042182362
              3   0.0030411280
              2   0.0019307591
              1   0.0011166714
