            500      6.7695635
            499      5.7878640
            498      5.2828459
            497      4.9573211
            496      4.7028797
            495      4.5072200
            494      4.3454854
            493      4.2009590
            492      4.0725906
            491      3.9628942
            490      3.8608602
            489      3.7653465
            488      3.6820888
            487      3.6037778
            486      3.5371742
            485      3.4710083
            484      3.4082493
            483      3.3503744
            482      3.2918625
            481      3.2400469
            480      3.1900672
            479      3.1424154
            478      3.0954842
            477      3.0522707
            476      3.0108408
            475      2.9717629
            474      2.9339912
            473      2.8954084
            472      2.8614966
            471      2.8273699
            470      2.7943858
            469      2.7642011
            468      2.7356608
            467      2.7058068
            466      2.6758012
            465      2.6462297
            464      2.6192737
            463      2.5916902
            462      2.5655447
            461      2.5392145
            460      2.5148188
            459      2.4914805
            458      2.4674896
            457      2.4435125
            456      2.4208225
            455      2.3968582
            454      2.3755907
            453      2.3554110
            452      2.3348819
            451      2.3142532
            450      2.2948140
            449      2.2757168
            448      2.2557802
            447      2.2368133
            446      2.2200060
            445      2.2014311
            444      2.1838921
            443      2.1672957
            442      2.1504957
            441      2.1332781
            440      2.1174744
            439      2.1006847
            438      2.0845056
            437      2.0685918
            436      2.0531201
            435      2.0364772
            434      2.0216206
            433      2.0071431
            432      1.9919026
            431      1.9768870
            430      1.9617942
            429      1.9476115
            428      1.9337058
            427      1.9199409
            426      1.9070949
            425      1.8932731
            424      1.8799883
            423      1.8668666
            422      1.8540289
            421      1.8411486
            420      1.8282538
            419      1.8160532
            418      1.8037748
            417      1.7915987
            416      1.7798481
            415      1.7677826
            414      1.7567272
            413      1.7455147
            412      1.7342618
            411      1.7235127
            410      1.7128799
            409      1.7015414
            408      1.6905676
            407      1.6792558
            406      1.6685681
            405      1.6588374
            404      1.6485132
            403      1.6379466
            402      1.6276100
            401      1.6173477
            400      1.6073327
            399      1.5974990
            398      1.5870965
            397      1.5773040
            396      1.5679184
            395      1.5585852
            394      1.5489907
            393      1.5402049
            392      1.5306912
            391      1.5217371
            390      1.5122980
            389      1.5030647
            388      1.4941389
            387      1.4851701
            386      1.4763709
            385      1.4679991
            384      1.4591488
            383      1.4508284
            382      1.4426333
            381      1.4338420
            380      1.4254077
            379      1.4171901
            378      1.4086517
            377      1.4005636
            376      1.3922797
            375      1.3840564
            374      1.3761148
            373      1.3683016
            372      1.3607079
            371      1.3529003
            370      1.3448324
            369      1.3370986
            368      1.3297557
            367      1.3221530
            366      1.3146381
            365      1.3074272
            364      1.2997963
            363      1.2926216
            362      1.2856434
            361      1.2789679
            360      1.2715203
            359      1.2640452
            358      1.2570437
            357      1.2502356
            356      1.2431009
            355      1.2363655
            354      1.2296555
            353      1.2226797
            352      1.2158910
            351      1.2095609
            350      1.2029013
            349      1.1963506
            348      1.1899532
            347      1.1834412
            346      1.1768837
            345      1.1704268
            344      1.1639885
            343      1.1575046
            342      1.1512951
            341      1.1453347
            340      1.1391966
            339      1.1328773
            338      1.1266320
            337      1.1207073
            336      1.1146072
            335      1.1086531
            334      1.1025865
            333      1.0964130
            332      1.0903692
            331      1.0846808
            330      1.0787377
            329      1.0727550
            328      1.0667790
            327      1.0612966
            326      1.0552754
            325      1.0495380
            324      1.0439957
            323      1.0381109
            322      1.0323474
            321      1.0268138
            320      1.0214952
            319      1.0163697
            318      1.0109282
            317      1.0053289
            316     0.99967279
            315     0.99424277
            314     0.98881840
            313     0.98357704
            312     0.97825434
            311     0.97291692
            310     0.96745009
            309     0.96239157
            308     0.95723040
            307     0.95191436
            306     0.94657717
            305     0.94120436
            304     0.93600310
            303     0.93100159
            302     0.92599488
            301     0.92073711
            300     0.91572413
            299     0.91090193
            298     0.90616777
            297     0.90149483
            296     0.89663907
            295     0.89161023
            294     0.88666239
            293     0.88171165
            292     0.87675225
            291     0.87199977
            290     0.86700472
            289     0.86237597
            288     0.85772798
            287     0.85292936
            286     0.84830087
            285     0.84352037
            284     0.83880088
            283     0.83417129
            282     0.82939462
            281     0.82473179
            280     0.82017506
            279     0.81533709
            278     0.81084564
            277     0.80618162
            276     0.80179255
            275     0.79719208
            274     0.79269137
            273     0.78838198
            272     0.78401204
            271     0.77973449
            270     0.77522660
            269     0.77058338
            268     0.76627461
            267     0.76219516
            266     0.75810305
            265     0.75384505
            264     0.74946821
            263     0.74510101
            262     0.74093872
            261     0.73677967
            260     0.73275024
            259     0.72851307
            258     0.72445216
            257     0.72006201
            256     0.71563580
            255     0.71183434
            254     0.70751582
            253     0.70342922
            252     0.69927609
            251     0.69528229
            250     0.69137175
            249     0.68760017
            248     0.68368212
            247     0.67963023
            246     0.67568064
            245     0.67167976
            244     0.66786624
            243     0.66394963
            242     0.66009891
            241     0.65627223
            240     0.65233271
            239     0.64856979
            238     0.64477811
            237     0.64094948
            236     0.63744346
            235     0.63359152
            234     0.62983972
            233     0.62601597
            232     0.62232490
            231     0.61847425
            230     0.61453396
            229     0.61071279
            228     0.60682571
            227     0.60325232
            226     0.59965559
            225     0.59609992
            224     0.59244994
            223     0.58885235
            222     0.58523253
            221     0.58176320
            220     0.57833855
            219     0.57434665
            218     0.57070991
            217     0.56708978
            216     0.56364288
            215     0.56023650
            214     0.55674558
            213     0.55332614
            212     0.54981272
            211     0.54631862
            210     0.54283363
            209     0.53924983
            208     0.53583966
            207     0.53263009
            206     0.52923578
            205     0.52564667
            204     0.52223488
            203     0.51885055
            202     0.51554763
            201     0.51215562
            200     0.50900927
            199     0.50557372
            198     0.50223195
            197     0.49923089
            196     0.49578896
            195     0.49261629
            194     0.48936359
            193     0.48609330
            192     0.48287862
            191     0.47969616
            190     0.47636113
            189     0.47303828
            188     0.46979835
            187     0.46649164
            186     0.46330835
            185     0.46030902
            184     0.45731544
            183     0.45420054
            182     0.45104990
            181     0.44795263
            180     0.44496255
            179     0.44197809
            178     0.43886776
            177     0.43575947
            176     0.43258842
            175     0.42940711
            174     0.42628527
            173     0.42330053
            172     0.42035289
            171     0.41730360
            170     0.41438483
            169     0.41137468
            168     0.40835539
            167     0.40538695
            166     0.40222266
            165     0.39931717
            164     0.39649716
            163     0.39362633
            162     0.39068551
            161     0.38760793
            160     0.38482162
            159     0.38191764
            158     0.37896452
            157     0.37593561
            156     0.37316412
            155     0.37015428
            154     0.36727615
            153     0.36445031
            152     0.36141741
            151     0.35868253
            150     0.35575438
            149     0.35295929
            148     0.35013423
            147     0.34735736
            146     0.34455054
            145     0.34183458
            144     0.33902647
            143     0.33627779
            142     0.33357383
            141     0.33080776
            140     0.32801643
            139     0.32532507
            138     0.32245960
            137     0.31978194
            136     0.31705153
            135     0.31435451
            134     0.31157693
            133     0.30892921
            132     0.30622289
            131     0.30349519
            130     0.30080095
            129     0.29798046
            128     0.29522382
            127     0.29253589
            126     0.28988127
            125     0.28712311
            124     0.28453300
            123     0.28192560
            122     0.27915175
            121     0.27650491
            120     0.27380546
            119     0.27110692
            118     0.26851230
            117     0.26595237
            116     0.26334843
            115     0.26075322
            114     0.25817338
            113     0.25563728
            112     0.25300084
            111     0.25036510
            110     0.24768710
            109     0.24511987
            108     0.24250024
            107     0.23995894
            106     0.23741907
            105     0.23489668
            104     0.23232248
            103     0.22986011
            102     0.22735149
            101     0.22478022
            100     0.22236963
             99     0.22005915
             98     0.21759614
             97     0.21519396
             96     0.21290256
             95     0.21044994
             94     0.20800582
             93     0.20550687
             92     0.20308453
             91     0.20068892
             90     0.19826112
             89     0.19572243
             88     0.19335595
             87     0.19099055
             86     0.18858434
             85     0.18606486
             84     0.18355088
             83     0.18101296
             82     0.17861979
             81     0.17625749
             80     0.17384595
             79     0.17151505
             78     0.16925037
             77     0.16688237
             76     0.16453013
             75     0.16212323
             74     0.15970434
             73     0.15737410
             72     0.15496806
             71     0.15275314
             70     0.15033919
             69     0.14802622
             68     0.14556394
             67     0.14318861
             66     0.14093900
             65     0.13856475
             64     0.13638860
             63     0.13413059
             62     0.13186358
             61     0.12954182
             60     0.12719346
             59     0.12496161
             58     0.12276361
             57     0.12061027
             56     0.11828919
             55     0.11592422
             54     0.11377829
             53     0.11146611
             52     0.10926508
             51     0.10689482
             50     0.10459843
             49     0.10253844
             48     0.10033960
             47    0.098130238
             46    0.095940677
             45    0.093703707
             44    0.091461277
             43    0.089305624
             42    0.087085096
             41    0.084892364
             40    0.082755742
             39    0.080494208
             38    0.078429051
             37    0.076241030
             36    0.074202497
             35    0.072144887
             34    0.070149623
             33    0.067979059
             32    0.065803846
             31    0.063709088
             30    0.061601174
             29    0.059497875
             28    0.057464009
             27    0.055349672
             26    0.053209119
             25    0.051192879
             24    0.049134392
             23    0.046997768
             22    0.044842758
             21    0.042785588
             20    0.040854258
             19    0.038644160
             18    0.036627334
             17    0.034595778
             16    0.032514062
             15    0.030503363
             14    0.028488190
             13    0.026483992
             12    0.024516410
             11    0.022450066
             10    0.020385986
              9    0.018415300
              8    0.016439196
              7    0.014485524
              6    0.012298172
              5    0.010264406
              4   0.0081968877
              3   0.0061302529
              2   0.0042403661
              1   0.0021099387
