           1000      4.7831739
            999      4.2519705
            998      3.9763256
            997      3.7877647
            996      3.6442279
            995      3.5280409
            994      3.4311475
            993      3.3463026
            992      3.2723321
            991      3.2047684
            990      3.1449362
            989      3.0907436
            988      3.0406874
            987      2.9946186
            986      2.9518526
            985      2.9108110
            984      2.8725117
            983      2.8364238
            982      2.8025298
            981      2.7701049
            980      2.7391664
            979      2.7099238
            978      2.6820957
            977      2.6556162
            976      2.6297314
            975      2.6049188
            974      2.5814297
            973      2.5584690
            972      2.5368274
            971      2.5157848
            970      2.4952219
            969      2.4752319
            968      2.4558013
            967      2.4371873
            966      2.4191278
            965      2.4016620
            964      2.3846756
            963      2.3680823
            962      2.3518516
            961      2.3359810
            960      2.3208687
            959      2.3059003
            958      2.2914451
            957      2.2770987
            956      2.2629289
            955      2.2493053
            954      2.2362702
            953      2.2231660
            952      2.2103020
            951      2.1977753
            950      2.1855096
            949      2.1737142
            948      2.1619439
            947      2.1503073
            946      2.1391243
            945      2.1279891
            944      2.1170319
            943      2.1062972
            942      2.0958855
            941      2.0854875
            940      2.0752540
            939      2.0654079
            938      2.0556566
            937      2.0461105
            936      2.0366330
            935      2.0272152
            934      2.0179877
            933      2.0089672
            932      2.0000206
            931      1.9912431
            930      1.9826768
            929      1.9740946
            928      1.9658008
            927      1.9575530
            926      1.9493219
            925      1.9413935
            924      1.9335715
            923      1.9259102
            922      1.9182921
            921      1.9107128
            920      1.9031871
            919      1.8958680
            918      1.8885582
            917      1.8813399
            916      1.8742777
            915      1.8673023
            914      1.8603442
            913      1.8535722
            912      1.8468089
            911      1.8400386
            910      1.8334162
            909      1.8267628
            908      1.8204318
            907      1.8140243
            906      1.8077612
            905      1.8014926
            904      1.7951859
            903      1.7891412
            902      1.7831875
            901      1.7772264
            900      1.7713114
            899      1.7655611
            898      1.7598365
            897      1.7541389
            896      1.7484877
            895      1.7429096
            894      1.7374356
            893      1.7319344
            892      1.7265096
            891      1.7211632
            890      1.7158679
            889      1.7105345
            888      1.7052515
            887      1.7000621
            886      1.6949191
            885      1.6899038
            884      1.6848304
            883      1.6798743
            882      1.6749601
            881      1.6700106
            880      1.6650842
            879      1.6602881
            878      1.6555520
            877      1.6507683
            876      1.6461302
            875      1.6415730
            874      1.6369909
            873      1.6323929
            872      1.6278673
            871      1.6234019
            870      1.6188948
            869      1.6145285
            868      1.6101693
            867      1.6058866
            866      1.6015761
            865      1.5973296
            864      1.5931125
            863      1.5889707
            862      1.5847916
            861      1.5806529
            860      1.5766233
            859      1.5726282
            858      1.5685806
            857      1.5645805
            856      1.5605850
            855      1.5566361
            854      1.5527209
            853      1.5488131
            852      1.5450534
            851      1.5413752
            850      1.5375488
            849      1.5338323
            848      1.5300608
            847      1.5263458
            846      1.5226665
            845      1.5190179
            844      1.5153655
            843      1.5117557
            842      1.5081492
            841      1.5046005
            840      1.5010865
            839      1.4975270
            838      1.4940629
            837      1.4905295
            836      1.4870144
            835      1.4835918
            834      1.4801820
            833      1.4768491
            832      1.4735000
            831      1.4701630
            830      1.4669093
            829      1.4635728
            828      1.4602944
            827      1.4570724
            826      1.4538587
            825      1.4506101
            824      1.4474585
            823      1.4442917
            822      1.4411297
            821      1.4380142
            820      1.4348615
            819      1.4317642
            818      1.4286550
            817      1.4255724
            816      1.4225382
            815      1.4195075
            814      1.4164373
            813      1.4134513
            812      1.4104584
            811      1.4074571
            810      1.4044994
            809      1.4015774
            808      1.3987436
            807      1.3958898
            806      1.3929654
            805      1.3900442
            804      1.3871783
            803      1.3843673
            802      1.3815731
            801      1.3787673
            800      1.3759894
            799      1.3732165
            798      1.3704052
            797      1.3676399
            796      1.3649201
            795      1.3622413
            794      1.3595387
            793      1.3568768
            792      1.3542243
            791      1.3515717
            790      1.3489485
            789      1.3463740
            788      1.3437122
            787      1.3411535
            786      1.3385661
            785      1.3359821
            784      1.3334256
            783      1.3308583
            782      1.3283318
            781      1.3257901
            780      1.3232769
            779      1.3207616
            778      1.3182556
            777      1.3157530
            776      1.3132711
            775      1.3108066
            774      1.3083668
            773      1.3059419
            772      1.3035390
            771      1.3010725
            770      1.2986204
            769      1.2962236
            768      1.2938207
            767      1.2914362
            766      1.2890756
            765      1.2867559
            764      1.2844515
            763      1.2821646
            762      1.2798509
            761      1.2775615
            760      1.2752681
            759      1.2729974
            758      1.2707064
            757      1.2684239
            756      1.2661728
            755      1.2639112
            754      1.2616269
            753      1.2593898
            752      1.2571393
            751      1.2549213
            750      1.2526967
            749      1.2504905
            748      1.2483502
            747      1.2462213
            746      1.2440386
            745      1.2418797
            744      1.2397365
            743      1.2375986
            742      1.2354476
            741      1.2333259
            740      1.2312129
            739      1.2290694
            738      1.2269603
            737      1.2248723
            736      1.2227839
            735      1.2206996
            734      1.2186705
            733      1.2165660
            732      1.2145022
            731      1.2124699
            730      1.2103886
            729      1.2083649
            728      1.2063325
            727      1.2043001
            726      1.2022733
            725      1.2002560
            724      1.1981987
            723      1.1962087
            722      1.1942527
            721      1.1922544
            720      1.1902511
            719      1.1882714
            718      1.1863189
            717      1.1843426
            716      1.1823985
            715      1.1804551
            714      1.1785020
            713      1.1765390
            712      1.1746398
            711      1.1727177
            710      1.1707903
            709      1.1689129
            708      1.1670460
            707      1.1651669
            706      1.1632613
            705      1.1613791
            704      1.1595093
            703      1.1576667
            702      1.1557942
            701      1.1539185
            700      1.1520952
            699      1.1502569
            698      1.1484277
            697      1.1466217
            696      1.1447806
            695      1.1429607
            694      1.1411582
            693      1.1393432
            692      1.1375027
            691      1.1357006
            690      1.1338964
            689      1.1321028
            688      1.1303195
            687      1.1285648
            686      1.1268003
            685      1.1250593
            684      1.1232945
            683      1.1215413
            682      1.1198246
            681      1.1180734
            680      1.1163522
            679      1.1146198
            678      1.1128928
            677      1.1111838
            676      1.1094111
            675      1.1077080
            674      1.1059746
            673      1.1042838
            672      1.1025676
            671      1.1008698
            670      1.0991536
            669      1.0974643
            668      1.0958043
            667      1.0941264
            666      1.0924819
            665      1.0908341
            664      1.0891433
            663      1.0874804
            662      1.0858158
            661      1.0841719
            660      1.0825270
            659      1.0808649
            658      1.0792162
            657      1.0775721
            656      1.0759504
            655      1.0743381
            654      1.0727167
            653      1.0710955
            652      1.0694656
            651      1.0678596
            650      1.0662373
            649      1.0646106
            648      1.0630128
            647      1.0613977
            646      1.0597990
            645      1.0582120
            644      1.0566296
            643      1.0550342
            642      1.0534709
            641      1.0518972
            640      1.0503301
            639      1.0487719
            638      1.0472438
            637      1.0456676
            636      1.0441335
            635      1.0425753
            634      1.0409965
            633      1.0394338
            632      1.0378903
            631      1.0363575
            630      1.0347939
            629      1.0332706
            628      1.0317488
            627      1.0301989
            626      1.0286641
            625      1.0271473
            624      1.0256326
            623      1.0241277
            622      1.0226166
            621      1.0210885
            620      1.0195868
            619      1.0180899
            618      1.0166092
            617      1.0151237
            616      1.0136509
            615      1.0121777
            614      1.0106787
            613      1.0092023
            612      1.0077071
            611      1.0062298
            610      1.0047720
            609      1.0033044
            608      1.0018584
            607      1.0003823
            606     0.99893082
            605     0.99748081
            604     0.99604160
            603     0.99460630
            602     0.99315463
            601     0.99171657
            600     0.99028186
            599     0.98883461
            598     0.98741607
            597     0.98598807
            596     0.98454307
            595     0.98312684
            594     0.98169898
            593     0.98026086
            592     0.97885326
            591     0.97746434
            590     0.97606243
            589     0.97464269
            588     0.97325850
            587     0.97183228
            586     0.97043871
            585     0.96903157
            584     0.96761784
            583     0.96622476
            582     0.96481812
            581     0.96341087
            580     0.96205329
            579     0.96067694
            578     0.95930323
            577     0.95795493
            576     0.95657966
            575     0.95523159
            574     0.95387010
            573     0.95250909
            572     0.95114880
            571     0.94979809
            570     0.94844709
            569     0.94706114
            568     0.94570020
            567     0.94435734
            566     0.94299726
            565     0.94164069
            564     0.94029034
            563     0.93894661
            562     0.93760224
            561     0.93626930
            560     0.93494447
            559     0.93359870
            558     0.93227391
            557     0.93095539
            556     0.92961039
            555     0.92828209
            554     0.92694694
            553     0.92562126
            552     0.92426398
            551     0.92293020
            550     0.92162752
            549     0.92032363
            548     0.91899855
            547     0.91769136
            546     0.91637694
            545     0.91507537
            544     0.91378304
            543     0.91246370
            542     0.91115913
            541     0.90984354
            540     0.90855069
            539     0.90727219
            538     0.90599101
            537     0.90470432
            536     0.90340786
            535     0.90211533
            534     0.90083021
            533     0.89953881
            532     0.89824391
            531     0.89695714
            530     0.89569286
            529     0.89440306
            528     0.89312801
            527     0.89186693
            526     0.89061955
            525     0.88933408
            524     0.88806970
            523     0.88679586
            522     0.88554642
            521     0.88428337
            520     0.88304582
            519     0.88178363
            518     0.88053660
            517     0.87927486
            516     0.87802487
            515     0.87678784
            514     0.87555818
            513     0.87431836
            512     0.87308141
            511     0.87184559
            510     0.87061860
            509     0.86937031
            508     0.86813511
            507     0.86690408
            506     0.86567052
            505     0.86442471
            504     0.86318528
            503     0.86194505
            502     0.86071940
            501     0.85949089
            500     0.85827421
            499     0.85704407
            498     0.85583717
            497     0.85462518
            496     0.85338872
            495     0.85216081
            494     0.85092921
            493     0.84969303
            492     0.84849003
            491     0.84727858
            490     0.84607288
            489     0.84486350
            488     0.84366504
            487     0.84245489
            486     0.84125165
            485     0.84005464
            484     0.83886459
            483     0.83767489
            482     0.83647822
            481     0.83527434
            480     0.83408738
            479     0.83290460
            478     0.83169393
            477     0.83050729
            476     0.82931415
            475     0.82810242
            474     0.82690485
            473     0.82570524
            472     0.82452041
            471     0.82333776
            470     0.82214198
            469     0.82094391
            468     0.81976556
            467     0.81857745
            466     0.81738971
            465     0.81621709
            464     0.81501385
            463     0.81384879
            462     0.81268080
            461     0.81150960
            460     0.81034926
            459     0.80918635
            458     0.80803070
            457     0.80686809
            456     0.80569635
            455     0.80452502
            454     0.80335056
            453     0.80218661
            452     0.80102577
            451     0.79987065
            450     0.79871055
            449     0.79754511
            448     0.79638698
            447     0.79522055
            446     0.79406047
            445     0.79293863
            444     0.79178060
            443     0.79064247
            442     0.78947929
            441     0.78831629
            440     0.78715036
            439     0.78598186
            438     0.78483766
            437     0.78369152
            436     0.78253752
            435     0.78136304
            434     0.78020985
            433     0.77907061
            432     0.77791797
            431     0.77676704
            430     0.77561357
            429     0.77445598
            428     0.77332774
            427     0.77218131
            426     0.77104377
            425     0.76991113
            424     0.76878485
            423     0.76764321
            422     0.76651313
            421     0.76535644
            420     0.76421746
            419     0.76309683
            418     0.76195985
            417     0.76082896
            416     0.75968854
            415     0.75853671
            414     0.75740873
            413     0.75626844
            412     0.75514341
            411     0.75402836
            410     0.75289015
            409     0.75178142
            408     0.75064947
            407     0.74953865
            406     0.74841360
            405     0.74728925
            404     0.74617648
            403     0.74505909
            402     0.74393964
            401     0.74281113
            400     0.74171053
            399     0.74058947
            398     0.73948469
            397     0.73836876
            396     0.73725892
            395     0.73614944
            394     0.73504922
            393     0.73395108
            392     0.73286192
            391     0.73173349
            390     0.73062068
            389     0.72953450
            388     0.72843813
            387     0.72732483
            386     0.72623953
            385     0.72515336
            384     0.72402794
            383     0.72291995
            382     0.72182066
            381     0.72070641
            380     0.71959866
            379     0.71848665
            378     0.71738718
            377     0.71629644
            376     0.71519167
            375     0.71408504
            374     0.71296900
            373     0.71186177
            372     0.71076346
            371     0.70964696
            370     0.70854750
            369     0.70743174
            368     0.70633656
            367     0.70523104
            366     0.70413542
            365     0.70303093
            364     0.70192290
            363     0.70080421
            362     0.69972014
            361     0.69860159
            360     0.69749626
            359     0.69640514
            358     0.69532357
            357     0.69424020
            356     0.69314625
            355     0.69205749
            354     0.69096494
            353     0.68985659
            352     0.68877796
            351     0.68769210
            350     0.68659689
            349     0.68549019
            348     0.68439722
            347     0.68327997
            346     0.68216305
            345     0.68108086
            344     0.67998880
            343     0.67890546
            342     0.67783763
            341     0.67675406
            340     0.67566630
            339     0.67458762
            338     0.67349376
            337     0.67242719
            336     0.67133935
            335     0.67024793
            334     0.66916712
            333     0.66807243
            332     0.66699860
            331     0.66590934
            330     0.66481207
            329     0.66370837
            328     0.66262340
            327     0.66154172
            326     0.66045919
            325     0.65937234
            324     0.65829067
            323     0.65720165
            322     0.65611911
            321     0.65502530
            320     0.65392634
            319     0.65284033
            318     0.65173987
            317     0.65064094
            316     0.64955640
            315     0.64848547
            314     0.64739699
            313     0.64631859
            312     0.64524310
            311     0.64417148
            310     0.64308848
            309     0.64200436
            308     0.64090555
            307     0.63982510
            306     0.63873698
            305     0.63765930
            304     0.63657760
            303     0.63548606
            302     0.63440007
            301     0.63333051
            300     0.63223166
            299     0.63114203
            298     0.63006120
            297     0.62896639
            296     0.62788139
            295     0.62679596
            294     0.62571016
            293     0.62462058
            292     0.62353000
            291     0.62243569
            290     0.62134120
            289     0.62023373
            288     0.61913826
            287     0.61805674
            286     0.61697303
            285     0.61586580
            284     0.61478356
            283     0.61370574
            282     0.61261717
            281     0.61153115
            280     0.61043924
            279     0.60934098
            278     0.60825220
            277     0.60715684
            276     0.60606801
            275     0.60498023
            274     0.60387811
            273     0.60276309
            272     0.60166629
            271     0.60059439
            270     0.59949837
            269     0.59840304
            268     0.59730915
            267     0.59623483
            266     0.59512677
            265     0.59402221
            264     0.59292842
            263     0.59185067
            262     0.59074473
            261     0.58963563
            260     0.58852642
            259     0.58742210
            258     0.58632674
            257     0.58523842
            256     0.58414270
            255     0.58304514
            254     0.58192957
            253     0.58084063
            252     0.57974424
            251     0.57862769
            250     0.57752058
            249     0.57643238
            248     0.57530676
            247     0.57418859
            246     0.57307940
            245     0.57196946
            244     0.57085817
            243     0.56975777
            242     0.56862535
            241     0.56752468
            240     0.56641543
            239     0.56530913
            238     0.56420021
            237     0.56307578
            236     0.56194906
            235     0.56083030
            234     0.55972426
            233     0.55859838
            232     0.55749370
            231     0.55637856
            230     0.55526212
            229     0.55414501
            228     0.55303739
            227     0.55190683
            226     0.55077660
            225     0.54965716
            224     0.54851771
            223     0.54739929
            222     0.54628101
            221     0.54515405
            220     0.54402824
            219     0.54291075
            218     0.54178157
            217     0.54064885
            216     0.53951969
            215     0.53838857
            214     0.53725613
            213     0.53612536
            212     0.53498846
            211     0.53384443
            210     0.53270402
            209     0.53155136
            208     0.53041443
            207     0.52926607
            206     0.52811055
            205     0.52696571
            204     0.52581375
            203     0.52466595
            202     0.52351040
            201     0.52235357
            200     0.52119901
            199     0.52007333
            198     0.51892912
            197     0.51777144
            196     0.51660659
            195     0.51545950
            194     0.51430757
            193     0.51313551
            192     0.51198051
            191     0.51080632
            190     0.50964396
            189     0.50846490
            188     0.50729003
            187     0.50612295
            186     0.50495574
            185     0.50379335
            184     0.50260795
            183     0.50142928
            182     0.50023794
            181     0.49907244
            180     0.49789995
            179     0.49672105
            178     0.49552696
            177     0.49433465
            176     0.49314842
            175     0.49195594
            174     0.49074567
            173     0.48954788
            172     0.48835947
            171     0.48715171
            170     0.48594615
            169     0.48474669
            168     0.48353842
            167     0.48234840
            166     0.48114623
            165     0.47993780
            164     0.47873555
            163     0.47752680
            162     0.47631053
            161     0.47509404
            160     0.47386927
            159     0.47266369
            158     0.47142704
            157     0.47022600
            156     0.46899664
            155     0.46775526
            154     0.46649907
            153     0.46527838
            152     0.46405212
            151     0.46280979
            150     0.46155157
            149     0.46029431
            148     0.45905256
            147     0.45780212
            146     0.45653066
            145     0.45525130
            144     0.45399086
            143     0.45273957
            142     0.45147785
            141     0.45021153
            140     0.44894359
            139     0.44768457
            138     0.44642350
            137     0.44515988
            136     0.44388054
            135     0.44260091
            134     0.44130589
            133     0.43998480
            132     0.43866341
            131     0.43736410
            130     0.43606035
            129     0.43474538
            128     0.43344927
            127     0.43213251
            126     0.43080356
            125     0.42944917
            124     0.42809247
            123     0.42672347
            122     0.42537391
            121     0.42401879
            120     0.42268494
            119     0.42134347
            118     0.41997766
            117     0.41860734
            116     0.41724246
            115     0.41586951
            114     0.41447363
            113     0.41309978
            112     0.41170272
            111     0.41031078
            110     0.40893007
            109     0.40752307
            108     0.40608625
            107     0.40467479
            106     0.40324868
            105     0.40185601
            104     0.40039381
            103     0.39898991
            102     0.39753402
            101     0.39609132
            100     0.39463767
             99     0.39314860
             98     0.39168808
             97     0.39022305
             96     0.38876470
             95     0.38728136
             94     0.38578516
             93     0.38429771
             92     0.38278703
             91     0.38127237
             90     0.37972843
             89     0.37821221
             88     0.37667238
             87     0.37514609
             86     0.37360520
             85     0.37207685
             84     0.37053911
             83     0.36895770
             82     0.36736404
             81     0.36576512
             80     0.36415456
             79     0.36254946
             78     0.36092838
             77     0.35932844
             76     0.35770140
             75     0.35606198
             74     0.35442028
             73     0.35276504
             72     0.35109528
             71     0.34942392
             70     0.34773608
             69     0.34600602
             68     0.34431380
             67     0.34258338
             66     0.34080504
             65     0.33904170
             64     0.33729562
             63     0.33549616
             62     0.33369215
             61     0.33187868
             60     0.33007191
             59     0.32824354
             58     0.32640276
             57     0.32454472
             56     0.32260989
             55     0.32070274
             54     0.31879808
             53     0.31686519
             52     0.31489388
             51     0.31290422
             50     0.31087123
             49     0.30885512
             48     0.30680628
             47     0.30475258
             46     0.30271695
             45     0.30060323
             44     0.29848326
             43     0.29630465
             42     0.29408314
             41     0.29188479
             40     0.28965296
             39     0.28737376
             38     0.28507666
             37     0.28270846
             36     0.28033979
             35     0.27795360
             34     0.27544720
             33     0.27293001
             32     0.27043454
             31     0.26782850
             30     0.26518521
             29     0.26248789
             28     0.25972299
             27     0.25694081
             26     0.25411817
             25     0.25118004
             24     0.24822600
             23     0.24519783
             22     0.24206173
             21     0.23886289
             20     0.23555802
             19     0.23220426
             18     0.22864622
             17     0.22503756
             16     0.22129660
             15     0.21738598
             14     0.21326517
             13     0.20901884
             12     0.20457328
             11     0.19975002
             10     0.19459991
              9     0.18920769
              8     0.18347549
              7     0.17709017
              6     0.17006684
              5     0.16228329
              4     0.15323701
              3     0.14238577
              2     0.12807898
              1     0.10579567
