           1000      27.020428
            999      21.149902
            998      18.254763
            997      16.402230
            996      15.019634
            995      13.934558
            994      13.037802
            993      12.298293
            992      11.657295
            991      11.094030
            990      10.589230
            989      10.141169
            988      9.7399416
            987      9.3726945
            986      9.0359700
            985      8.7239792
            984      8.4381695
            983      8.1744794
            982      7.9254878
            981      7.6958989
            980      7.4769015
            979      7.2721442
            978      7.0804374
            977      6.8985398
            976      6.7267234
            975      6.5616978
            974      6.4071370
            973      6.2572076
            972      6.1177344
            971      5.9831354
            970      5.8545913
            969      5.7298357
            968      5.6121159
            967      5.4992578
            966      5.3906999
            965      5.2852430
            964      5.1846882
            963      5.0887896
            962      4.9958772
            961      4.9049010
            960      4.8185663
            959      4.7336838
            958      4.6534764
            957      4.5763874
            956      4.5009397
            955      4.4277531
            954      4.3558513
            953      4.2864913
            952      4.2197150
            951      4.1545230
            950      4.0910370
            949      4.0295378
            948      3.9693500
            947      3.9113795
            946      3.8546368
            945      3.8003995
            944      3.7465769
            943      3.6942939
            942      3.6429962
            941      3.5940225
            940      3.5454644
            939      3.4980133
            938      3.4524392
            937      3.4076772
            936      3.3634775
            935      3.3208471
            934      3.2783646
            933      3.2379315
            932      3.1980673
            931      3.1590739
            930      3.1211261
            929      3.0838860
            928      3.0475882
            927      3.0122843
            926      2.9773083
            925      2.9434158
            924      2.9098314
            923      2.8768954
            922      2.8442300
            921      2.8128946
            920      2.7814770
            919      2.7512119
            918      2.7217526
            917      2.6926792
            916      2.6641147
            915      2.6361655
            914      2.6086678
            913      2.5819406
            912      2.5557389
            911      2.5296606
            910      2.5041740
            909      2.4789586
            908      2.4548564
            907      2.4310707
            906      2.4076168
            905      2.3843539
            904      2.3615679
            903      2.3391781
            902      2.3173639
            901      2.2954639
            900      2.2741306
            899      2.2532367
            898      2.2323108
            897      2.2119354
            896      2.1916595
            895      2.1719060
            894      2.1524908
            893      2.1333150
            892      2.1145142
            891      2.0956965
            890      2.0774028
            889      2.0592157
            888      2.0412161
            887      2.0236375
            886      2.0062534
            885      1.9890892
            884      1.9722362
            883      1.9558743
            882      1.9392827
            881      1.9231300
            880      1.9073370
            879      1.8919382
            878      1.8768154
            877      1.8614892
            876      1.8465541
            875      1.8317620
            874      1.8171888
            873      1.8028188
            872      1.7884880
            871      1.7745369
            870      1.7607859
            869      1.7472904
            868      1.7340204
            867      1.7209700
            866      1.7077070
            865      1.6946159
            864      1.6817820
            863      1.6690530
            862      1.6566225
            861      1.6442645
            860      1.6322936
            859      1.6206542
            858      1.6088728
            857      1.5972159
            856      1.5857220
            855      1.5743390
            854      1.5632025
            853      1.5521619
            852      1.5412548
            851      1.5304270
            850      1.5196643
            849      1.5092179
            848      1.4988613
            847      1.4885351
            846      1.4784790
            845      1.4685174
            844      1.4584648
            843      1.4484427
            842      1.4386279
            841      1.4290847
            840      1.4194469
            839      1.4099508
            838      1.4006428
            837      1.3913450
            836      1.3822867
            835      1.3734052
            834      1.3645411
            833      1.3559242
            832      1.3472922
            831      1.3386549
            830      1.3303361
            829      1.3219921
            828      1.3137105
            827      1.3054274
            826      1.2974014
            825      1.2893319
            824      1.2814926
            823      1.2738029
            822      1.2660148
            821      1.2583507
            820      1.2507484
            819      1.2433314
            818      1.2359420
            817      1.2288183
            816      1.2216649
            815      1.2145180
            814      1.2074526
            813      1.2004260
            812      1.1934577
            811      1.1865181
            810      1.1797954
            809      1.1731701
            808      1.1663491
            807      1.1599255
            806      1.1534361
            805      1.1470355
            804      1.1407332
            803      1.1344519
            802      1.1284058
            801      1.1223270
            800      1.1161891
            799      1.1101773
            798      1.1041815
            797      1.0983601
            796      1.0926179
            795      1.0869481
            794      1.0812757
            793      1.0757011
            792      1.0701473
            791      1.0645754
            790      1.0591593
            789      1.0538464
            788      1.0484832
            787      1.0432848
            786      1.0380940
            785      1.0328655
            784      1.0276353
            783      1.0225517
            782      1.0175615
            781      1.0125704
            780      1.0076643
            779      1.0028422
            778     0.99801938
            777     0.99330599
            776     0.98857715
            775     0.98391773
            774     0.97936690
            773     0.97471189
            772     0.97019368
            771     0.96574296
            770     0.96132464
            769     0.95696098
            768     0.95266060
            767     0.94833321
            766     0.94403691
            765     0.93976199
            764     0.93562431
            763     0.93139996
            762     0.92730714
            761     0.92312397
            760     0.91905223
            759     0.91498314
            758     0.91105136
            757     0.90714408
            756     0.90321538
            755     0.89936587
            754     0.89549894
            753     0.89162949
            752     0.88779183
            751     0.88405896
            750     0.88032143
            749     0.87661851
            748     0.87293451
            747     0.86931379
            746     0.86575179
            745     0.86211839
            744     0.85855289
            743     0.85498904
            742     0.85148619
            741     0.84801161
            740     0.84454274
            739     0.84113605
            738     0.83770218
            737     0.83435842
            736     0.83099067
            735     0.82763918
            734     0.82437122
            733     0.82111027
            732     0.81781996
            731     0.81457537
            730     0.81136083
            729     0.80814093
            728     0.80493655
            727     0.80175471
            726     0.79863431
            725     0.79550134
            724     0.79235468
            723     0.78932733
            722     0.78628424
            721     0.78324422
            720     0.78018576
            719     0.77719184
            718     0.77424139
            717     0.77126705
            716     0.76833746
            715     0.76543005
            714     0.76253577
            713     0.75962539
            712     0.75673019
            711     0.75388280
            710     0.75103369
            709     0.74822528
            708     0.74542394
            707     0.74266141
            706     0.73990092
            705     0.73717495
            704     0.73443999
            703     0.73172384
            702     0.72901898
            701     0.72635617
            700     0.72365692
            699     0.72104028
            698     0.71842071
            697     0.71577252
            696     0.71314463
            695     0.71055665
            694     0.70800891
            693     0.70548826
            692     0.70298387
            691     0.70042767
            690     0.69788357
            689     0.69541264
            688     0.69298351
            687     0.69052383
            686     0.68805539
            685     0.68560720
            684     0.68317111
            683     0.68076051
            682     0.67838551
            681     0.67597642
            680     0.67360621
            679     0.67124530
            678     0.66890789
            677     0.66658148
            676     0.66428557
            675     0.66196492
            674     0.65966193
            673     0.65737088
            672     0.65506278
            671     0.65279427
            670     0.65055475
            669     0.64833189
            668     0.64610023
            667     0.64387141
            666     0.64163809
            665     0.63944277
            664     0.63725439
            663     0.63506163
            662     0.63285592
            661     0.63065411
            660     0.62849560
            659     0.62635032
            658     0.62422759
            657     0.62211777
            656     0.62004358
            655     0.61796802
            654     0.61588544
            653     0.61379546
            652     0.61174719
            651     0.60971915
            650     0.60767345
            649     0.60562043
            648     0.60356369
            647     0.60152262
            646     0.59948710
            645     0.59747291
            644     0.59552909
            643     0.59360049
            642     0.59162236
            641     0.58968441
            640     0.58775852
            639     0.58577979
            638     0.58385946
            637     0.58192180
            636     0.58000274
            635     0.57811146
            634     0.57617780
            633     0.57428449
            632     0.57238071
            631     0.57049208
            630     0.56864742
            629     0.56678716
            628     0.56494123
            627     0.56312419
            626     0.56125527
            625     0.55940332
            624     0.55754361
            623     0.55571275
            622     0.55388176
            621     0.55207271
            620     0.55023148
            619     0.54842225
            618     0.54663669
            617     0.54486944
            616     0.54308306
            615     0.54131749
            614     0.53952494
            613     0.53776549
            612     0.53603088
            611     0.53427454
            610     0.53253610
            609     0.53081900
            608     0.52909491
            607     0.52738846
            606     0.52568552
            605     0.52397513
            604     0.52228659
            603     0.52061309
            602     0.51894377
            601     0.51726005
            600     0.51560712
            599     0.51394929
            598     0.51229361
            597     0.51064969
            596     0.50902774
            595     0.50738672
            594     0.50575229
            593     0.50411279
            592     0.50250247
            591     0.50089630
            590     0.49926500
            589     0.49767179
            588     0.49608873
            587     0.49451069
            586     0.49292119
            585     0.49136074
            584     0.48980275
            583     0.48823922
            582     0.48668496
            581     0.48513297
            580     0.48357642
            579     0.48202591
            578     0.48046855
            577     0.47893020
            576     0.47740182
            575     0.47590668
            574     0.47438907
            573     0.47285759
            572     0.47135053
            571     0.46983963
            570     0.46834633
            569     0.46685485
            568     0.46536738
            567     0.46390143
            566     0.46241742
            565     0.46094778
            564     0.45947904
            563     0.45802251
            562     0.45655574
            561     0.45508542
            560     0.45362810
            559     0.45218500
            558     0.45073621
            557     0.44931806
            556     0.44787599
            555     0.44645347
            554     0.44503327
            553     0.44362705
            552     0.44221237
            551     0.44079089
            550     0.43938721
            549     0.43801419
            548     0.43662598
            547     0.43526040
            546     0.43388375
            545     0.43249247
            544     0.43112505
            543     0.42977013
            542     0.42840032
            541     0.42701135
            540     0.42566398
            539     0.42432159
            538     0.42298066
            537     0.42163269
            536     0.42032058
            535     0.41898659
            534     0.41765136
            533     0.41629979
            532     0.41499590
            531     0.41368151
            530     0.41237076
            529     0.41104126
            528     0.40973527
            527     0.40843126
            526     0.40710937
            525     0.40578590
            524     0.40449334
            523     0.40317997
            522     0.40191468
            521     0.40063026
            520     0.39934859
            519     0.39808185
            518     0.39680814
            517     0.39554500
            516     0.39428874
            515     0.39303871
            514     0.39180148
            513     0.39057153
            512     0.38933176
            511     0.38810662
            510     0.38688049
            509     0.38565753
            508     0.38442866
            507     0.38319114
            506     0.38197738
            505     0.38073583
            504     0.37950888
            503     0.37827935
            502     0.37707380
            501     0.37586232
            500     0.37465968
            499     0.37346051
            498     0.37225491
            497     0.37104295
            496     0.36985148
            495     0.36866176
            494     0.36748959
            493     0.36631079
            492     0.36511922
            491     0.36395163
            490     0.36279172
            489     0.36161118
            488     0.36044923
            487     0.35928578
            486     0.35811780
            485     0.35694340
            484     0.35578667
            483     0.35463264
            482     0.35350365
            481     0.35236920
            480     0.35122664
            479     0.35010635
            478     0.34897458
            477     0.34784427
            476     0.34674537
            475     0.34560604
            474     0.34448472
            473     0.34337739
            472     0.34224207
            471     0.34114170
            470     0.34002752
            469     0.33892530
            468     0.33783068
            467     0.33674924
            466     0.33564515
            465     0.33453689
            464     0.33342978
            463     0.33235618
            462     0.33128839
            461     0.33019716
            460     0.32912237
            459     0.32803517
            458     0.32696179
            457     0.32587734
            456     0.32479789
            455     0.32371652
            454     0.32265604
            453     0.32159724
            452     0.32053138
            451     0.31947500
            450     0.31842111
            449     0.31735824
            448     0.31631649
            447     0.31526438
            446     0.31421797
            445     0.31316336
            444     0.31210814
            443     0.31106480
            442     0.31002475
            441     0.30897924
            440     0.30793472
            439     0.30689899
            438     0.30589240
            437     0.30486762
            436     0.30386122
            435     0.30284367
            434     0.30182218
            433     0.30082066
            432     0.29981345
            431     0.29880564
            430     0.29779051
            429     0.29679475
            428     0.29578740
            427     0.29478977
            426     0.29377336
            425     0.29278868
            424     0.29179589
            423     0.29080048
            422     0.28982422
            421     0.28882309
            420     0.28782680
            419     0.28685871
            418     0.28587604
            417     0.28489655
            416     0.28392712
            415     0.28295084
            414     0.28198018
            413     0.28102579
            412     0.28005571
            411     0.27908851
            410     0.27812296
            409     0.27716381
            408     0.27620530
            407     0.27527049
            406     0.27432594
            405     0.27337297
            404     0.27240944
            403     0.27146280
            402     0.27052093
            401     0.26957346
            400     0.26864979
            399     0.26771436
            398     0.26678345
            397     0.26586338
            396     0.26493391
            395     0.26401026
            394     0.26306489
            393     0.26212512
            392     0.26118844
            391     0.26027522
            390     0.25935577
            389     0.25845365
            388     0.25752184
            387     0.25661555
            386     0.25571624
            385     0.25479946
            384     0.25387891
            383     0.25297872
            382     0.25206322
            381     0.25116457
            380     0.25025420
            379     0.24934294
            378     0.24844140
            377     0.24755118
            376     0.24665015
            375     0.24575206
            374     0.24485518
            373     0.24396127
            372     0.24307670
            371     0.24220818
            370     0.24133695
            369     0.24045677
            368     0.23957615
            367     0.23869198
            366     0.23782476
            365     0.23693599
            364     0.23605836
            363     0.23520719
            362     0.23434712
            361     0.23349007
            360     0.23261931
            359     0.23176481
            358     0.23089721
            357     0.23005294
            356     0.22918817
            355     0.22834141
            354     0.22748124
            353     0.22662875
            352     0.22577563
            351     0.22493274
            350     0.22408850
            349     0.22325238
            348     0.22240319
            347     0.22156339
            346     0.22071514
            345     0.21987916
            344     0.21903304
            343     0.21818674
            342     0.21735823
            341     0.21653802
            340     0.21571442
            339     0.21485699
            338     0.21403181
            337     0.21321546
            336     0.21241192
            335     0.21159180
            334     0.21078036
            333     0.20995720
            332     0.20913353
            331     0.20830984
            330     0.20749950
            329     0.20668524
            328     0.20587705
            327     0.20506725
            326     0.20425518
            325     0.20344903
            324     0.20263589
            323     0.20182765
            322     0.20103027
            321     0.20023747
            320     0.19943781
            319     0.19863076
            318     0.19783658
            317     0.19704569
            316     0.19626023
            315     0.19546694
            314     0.19468405
            313     0.19389216
            312     0.19311028
            311     0.19232518
            310     0.19153486
            309     0.19075486
            308     0.18996738
            307     0.18919787
            306     0.18842174
            305     0.18764647
            304     0.18686783
            303     0.18609153
            302     0.18531443
            301     0.18454882
            300     0.18378451
            299     0.18301499
            298     0.18224560
            297     0.18147529
            296     0.18071411
            295     0.17995070
            294     0.17917507
            293     0.17840580
            292     0.17762938
            291     0.17687881
            290     0.17611649
            289     0.17534693
            288     0.17459424
            287     0.17384952
            286     0.17309750
            285     0.17234917
            284     0.17161597
            283     0.17087616
            282     0.17013529
            281     0.16939187
            280     0.16866295
            279     0.16792674
            278     0.16719756
            277     0.16645412
            276     0.16571278
            275     0.16499016
            274     0.16425510
            273     0.16352164
            272     0.16279833
            271     0.16206517
            270     0.16132368
            269     0.16057705
            268     0.15984295
            267     0.15912118
            266     0.15838782
            265     0.15767488
            264     0.15693946
            263     0.15621078
            262     0.15549757
            261     0.15476702
            260     0.15406298
            259     0.15335647
            258     0.15263923
            257     0.15193222
            256     0.15122737
            255     0.15051367
            254     0.14980804
            253     0.14910115
            252     0.14839349
            251     0.14767174
            250     0.14696202
            249     0.14626385
            248     0.14555758
            247     0.14484951
            246     0.14414749
            245     0.14344934
            244     0.14276030
            243     0.14207185
            242     0.14138195
            241     0.14067664
            240     0.13998968
            239     0.13928819
            238     0.13859244
            237     0.13790236
            236     0.13721627
            235     0.13652430
            234     0.13582745
            233     0.13515444
            232     0.13446999
            231     0.13378497
            230     0.13310328
            229     0.13240865
            228     0.13172933
            227     0.13105164
            226     0.13036899
            225     0.12967775
            224     0.12900015
            223     0.12831450
            222     0.12762864
            221     0.12695880
            220     0.12627464
            219     0.12560107
            218     0.12493795
            217     0.12426051
            216     0.12358054
            215     0.12290975
            214     0.12223909
            213     0.12156593
            212     0.12089723
            211     0.12023265
            210     0.11956668
            209     0.11891333
            208     0.11826855
            207     0.11761655
            206     0.11696651
            205     0.11630504
            204     0.11564988
            203     0.11499831
            202     0.11435286
            201     0.11369817
            200     0.11305333
            199     0.11239479
            198     0.11174386
            197     0.11109260
            196     0.11043921
            195     0.10979540
            194     0.10915008
            193     0.10851727
            192     0.10787041
            191     0.10722352
            190     0.10658610
            189     0.10595093
            188     0.10530847
            187     0.10467219
            186     0.10403252
            185     0.10340014
            184     0.10275883
            183     0.10212804
            182     0.10149593
            181     0.10086979
            180     0.10023406
            179    0.099602192
            178    0.098977470
            177    0.098351941
            176    0.097720146
            175    0.097091802
            174    0.096482416
            173    0.095852072
            172    0.095226808
            171    0.094596566
            170    0.093972605
            169    0.093346541
            168    0.092723207
            167    0.092097024
            166    0.091469088
            165    0.090850237
            164    0.090229685
            163    0.089619498
            162    0.089003310
            161    0.088400873
            160    0.087782721
            159    0.087175547
            158    0.086555700
            157    0.085936502
            156    0.085326984
            155    0.084714796
            154    0.084102222
            153    0.083496247
            152    0.082892506
            151    0.082291100
            150    0.081689186
            149    0.081091403
            148    0.080491575
            147    0.079896061
            146    0.079304442
            145    0.078707451
            144    0.078118289
            143    0.077520748
            142    0.076919144
            141    0.076324011
            140    0.075730797
            139    0.075132328
            138    0.074535328
            137    0.073943985
            136    0.073344178
            135    0.072748493
            134    0.072166992
            133    0.071583966
            132    0.071000923
            131    0.070413863
            130    0.069834973
            129    0.069246656
            128    0.068664957
            127    0.068087342
            126    0.067505840
            125    0.066920758
            124    0.066345623
            123    0.065762622
            122    0.065195107
            121    0.064616382
            120    0.064037988
            119    0.063463016
            118    0.062886005
            117    0.062306861
            116    0.061736173
            115    0.061154775
            114    0.060580387
            113    0.060003378
            112    0.059443246
            111    0.058871891
            110    0.058298368
            109    0.057726407
            108    0.057151730
            107    0.056588904
            106    0.056025581
            105    0.055459698
            104    0.054902697
            103    0.054340940
            102    0.053774036
            101    0.053212292
            100    0.052649040
             99    0.052081872
             98    0.051521159
             97    0.050956219
             96    0.050401540
             95    0.049842695
             94    0.049286916
             93    0.048723448
             92    0.048160504
             91    0.047607485
             90    0.047060525
             89    0.046509252
             88    0.045950765
             87    0.045401206
             86    0.044847658
             85    0.044300075
             84    0.043753959
             83    0.043210853
             82    0.042657516
             81    0.042108028
             80    0.041557347
             79    0.041009326
             78    0.040463406
             77    0.039915126
             76    0.039366155
             75    0.038819154
             74    0.038272342
             73    0.037732146
             72    0.037190400
             71    0.036639614
             70    0.036102271
             69    0.035563361
             68    0.035023279
             67    0.034486404
             66    0.033949865
             65    0.033416295
             64    0.032888470
             63    0.032357073
             62    0.031821881
             61    0.031289961
             60    0.030759310
             59    0.030221530
             58    0.029683940
             57    0.029160598
             56    0.028631659
             55    0.028106595
             54    0.027575892
             53    0.027050733
             52    0.026527201
             51    0.026003949
             50    0.025480322
             49    0.024954924
             48    0.024434937
             47    0.023902830
             46    0.023380796
             45    0.022861273
             44    0.022341050
             43    0.021813264
             42    0.021291923
             41    0.020769552
             40    0.020248109
             39    0.019729771
             38    0.019215934
             37    0.018698160
             36    0.018182600
             35    0.017659025
             34    0.017140750
             33    0.016619671
             32    0.016105086
             31    0.015592306
             30    0.015068851
             29    0.014553976
             28    0.014039776
             27    0.013527683
             26    0.013028299
             25    0.012522761
             24    0.012015283
             23    0.011502631
             22    0.010989215
             21    0.010489084
             20   0.0099964852
             19   0.0094877065
             18   0.0089806864
             17   0.0084840965
             16   0.0079797311
             15   0.0074808173
             14   0.0069773459
             13   0.0064722164
             12   0.0059768067
             11   0.0054764844
             10   0.0049676516
              9   0.0044705747
              8   0.0039738030
              7   0.0034672884
              6   0.0029717314
              5   0.0024741592
              4   0.0019709785
              3   0.0014799905
              2  0.00098181186
              1  0.00049551509
