            500      69.570068
            499      42.255340
            498      29.725773
            497      22.596691
            496      17.892195
            495      14.728327
            494      12.422200
            493      10.729433
            492      9.3928578
            491      8.3274470
            490      7.4669231
            489      6.7725019
            488      6.1876362
            487      5.6962990
            486      5.2681214
            485      4.8940588
            484      4.5712443
            483      4.2815463
            482      4.0301175
            481      3.8046899
            480      3.6023534
            479      3.4197378
            478      3.2555280
            477      3.1064097
            476      2.9689991
            475      2.8428966
            474      2.7273956
            473      2.6204240
            472      2.5209859
            471      2.4294133
            470      2.3440072
            469      2.2634095
            468      2.1892248
            467      2.1191879
            466      2.0538293
            465      1.9929569
            464      1.9346562
            463      1.8788427
            462      1.8263002
            461      1.7770618
            460      1.7295992
            459      1.6847399
            458      1.6419073
            457      1.6018632
            456      1.5625501
            455      1.5266325
            454      1.4914337
            453      1.4583983
            452      1.4268883
            451      1.3959703
            450      1.3667522
            449      1.3385376
            448      1.3115979
            447      1.2857207
            446      1.2609706
            445      1.2373516
            444      1.2147035
            443      1.1929832
            442      1.1721219
            441      1.1523990
            440      1.1331763
            439      1.1149486
            438      1.0972354
            437      1.0801480
            436      1.0639531
            435      1.0481471
            434      1.0331326
            433      1.0184970
            432      1.0041808
            431     0.99052373
            430     0.97726822
            429     0.96458195
            428     0.95248308
            427     0.94061286
            426     0.92893414
            425     0.91759935
            424     0.90680111
            423     0.89634720
            422     0.88603615
            421     0.87592071
            420     0.86630988
            419     0.85689246
            418     0.84763465
            417     0.83856616
            416     0.82983336
            415     0.82141305
            414     0.81315723
            413     0.80513898
            412     0.79728728
            411     0.78955902
            410     0.78187709
            409     0.77448350
            408     0.76737494
            407     0.76030272
            406     0.75334948
            405     0.74651506
            404     0.73993049
            403     0.73355429
            402     0.72713891
            401     0.72068838
            400     0.71447665
            399     0.70848211
            398     0.70257364
            397     0.69669792
            396     0.69094067
            395     0.68529763
            394     0.67966535
            393     0.67417993
            392     0.66877022
            391     0.66341816
            390     0.65807410
            389     0.65294469
            388     0.64786888
            387     0.64278811
            386     0.63775433
            385     0.63288225
            384     0.62810786
            383     0.62331817
            382     0.61858224
            381     0.61397554
            380     0.60945254
            379     0.60494893
            378     0.60053076
            377     0.59619491
            376     0.59189679
            375     0.58763023
            374     0.58335295
            373     0.57909141
            372     0.57498331
            371     0.57087758
            370     0.56691005
            369     0.56295293
            368     0.55896050
            367     0.55499743
            366     0.55118336
            365     0.54742585
            364     0.54365499
            363     0.53993355
            362     0.53627164
            361     0.53266807
            360     0.52904045
            359     0.52550518
            358     0.52197969
            357     0.51855264
            356     0.51506276
            355     0.51170337
            354     0.50835029
            353     0.50499011
            352     0.50164386
            351     0.49834158
            350     0.49511222
            349     0.49189576
            348     0.48870879
            347     0.48554171
            346     0.48245846
            345     0.47935385
            344     0.47626310
            343     0.47321398
            342     0.47014071
            341     0.46709700
            340     0.46416094
            339     0.46119077
            338     0.45833055
            337     0.45543990
            336     0.45250014
            335     0.44965750
            334     0.44687168
            333     0.44404096
            332     0.44125236
            331     0.43848287
            330     0.43575625
            329     0.43300488
            328     0.43031109
            327     0.42764509
            326     0.42500125
            325     0.42235066
            324     0.41974021
            323     0.41714105
            322     0.41463225
            321     0.41205551
            320     0.40951053
            319     0.40695770
            318     0.40445842
            317     0.40194010
            316     0.39952323
            315     0.39710923
            314     0.39469893
            313     0.39232200
            312     0.38996301
            311     0.38760978
            310     0.38528344
            309     0.38295381
            308     0.38062829
            307     0.37832442
            306     0.37604731
            305     0.37376524
            304     0.37153095
            303     0.36927115
            302     0.36702707
            301     0.36481958
            300     0.36261959
            299     0.36044832
            298     0.35828817
            297     0.35610935
            296     0.35394782
            295     0.35181843
            294     0.34974239
            293     0.34765109
            292     0.34555342
            291     0.34346164
            290     0.34138213
            289     0.33933879
            288     0.33727482
            287     0.33527185
            286     0.33324505
            285     0.33121251
            284     0.32920909
            283     0.32723445
            282     0.32530768
            281     0.32333917
            280     0.32138750
            279     0.31946711
            278     0.31753673
            277     0.31560086
            276     0.31365055
            275     0.31178130
            274     0.30989102
            273     0.30796812
            272     0.30610836
            271     0.30426666
            270     0.30238211
            269     0.30057728
            268     0.29877676
            267     0.29693637
            266     0.29512285
            265     0.29335869
            264     0.29155997
            263     0.28980381
            262     0.28807216
            261     0.28633888
            260     0.28461422
            259     0.28286090
            258     0.28117138
            257     0.27948836
            256     0.27777111
            255     0.27606722
            254     0.27439121
            253     0.27270224
            252     0.27104574
            251     0.26938082
            250     0.26772756
            249     0.26609006
            248     0.26448117
            247     0.26285546
            246     0.26121705
            245     0.25960506
            244     0.25801527
            243     0.25641821
            242     0.25482085
            241     0.25322690
            240     0.25165989
            239     0.25006773
            238     0.24850718
            237     0.24695786
            236     0.24542899
            235     0.24390371
            234     0.24235315
            233     0.24083078
            232     0.23929915
            231     0.23779019
            230     0.23627489
            229     0.23474956
            228     0.23325365
            227     0.23176777
            226     0.23029236
            225     0.22884262
            224     0.22739354
            223     0.22591627
            222     0.22446881
            221     0.22302596
            220     0.22159360
            219     0.22015524
            218     0.21874500
            217     0.21732526
            216     0.21592136
            215     0.21449719
            214     0.21309372
            213     0.21168116
            212     0.21027002
            211     0.20890248
            210     0.20752134
            209     0.20613254
            208     0.20475881
            207     0.20338989
            206     0.20204244
            205     0.20070335
            204     0.19937127
            203     0.19805556
            202     0.19674107
            201     0.19539436
            200     0.19407823
            199     0.19274436
            198     0.19142134
            197     0.19010442
            196     0.18882430
            195     0.18752368
            194     0.18623102
            193     0.18491984
            192     0.18362592
            191     0.18232887
            190     0.18104276
            189     0.17975620
            188     0.17848250
            187     0.17722830
            186     0.17596797
            185     0.17470216
            184     0.17343163
            183     0.17217456
            182     0.17094110
            181     0.16972264
            180     0.16849564
            179     0.16729949
            178     0.16607234
            177     0.16485643
            176     0.16364073
            175     0.16243003
            174     0.16120853
            173     0.16001969
            172     0.15880632
            171     0.15764062
            170     0.15646772
            169     0.15530788
            168     0.15414834
            167     0.15297766
            166     0.15182371
            165     0.15064291
            164     0.14950122
            163     0.14835625
            162     0.14721276
            161     0.14607101
            160     0.14494106
            159     0.14379176
            158     0.14264623
            157     0.14150442
            156     0.14038040
            155     0.13926951
            154     0.13815814
            153     0.13704961
            152     0.13594227
            151     0.13485231
            150     0.13373802
            149     0.13264422
            148     0.13155920
            147     0.13046064
            146     0.12939510
            145     0.12831524
            144     0.12724861
            143     0.12617107
            142     0.12506789
            141     0.12398464
            140     0.12292312
            139     0.12185202
            138     0.12081052
            137     0.11973901
            136     0.11867208
            135     0.11762874
            134     0.11657424
            133     0.11552466
            132     0.11448632
            131     0.11346458
            130     0.11244013
            129     0.11139496
            128     0.11035459
            127     0.10931302
            126     0.10827958
            125     0.10728149
            124     0.10627322
            123     0.10527134
            122     0.10426271
            121     0.10326718
            120     0.10227849
            119     0.10127349
            118     0.10028542
            117    0.099290843
            116    0.098300111
            115    0.097314686
            114    0.096333727
            113    0.095335414
            112    0.094363961
            111    0.093392006
            110    0.092400548
            109    0.091423198
            108    0.090452213
            107    0.089488848
            106    0.088534879
            105    0.087565531
            104    0.086607385
            103    0.085669294
            102    0.084713256
            101    0.083765928
            100    0.082817217
             99    0.081876563
             98    0.080934556
             97    0.080007920
             96    0.079072972
             95    0.078134043
             94    0.077208462
             93    0.076280171
             92    0.075348966
             91    0.074436797
             90    0.073513968
             89    0.072601898
             88    0.071687331
             87    0.070767945
             86    0.069846386
             85    0.068932773
             84    0.068033665
             83    0.067127147
             82    0.066240136
             81    0.065336953
             80    0.064450633
             79    0.063554933
             78    0.062654147
             77    0.061761553
             76    0.060899034
             75    0.060019761
             74    0.059154722
             73    0.058271662
             72    0.057400862
             71    0.056532555
             70    0.055678085
             69    0.054824877
             68    0.053971370
             67    0.053103494
             66    0.052243434
             65    0.051394962
             64    0.050530724
             63    0.049673574
             62    0.048824957
             61    0.047979067
             60    0.047135694
             59    0.046298786
             58    0.045445916
             57    0.044604814
             56    0.043771435
             55    0.042943070
             54    0.042108495
             53    0.041281027
             52    0.040448831
             51    0.039614940
             50    0.038787859
             49    0.037959567
             48    0.037133497
             47    0.036329261
             46    0.035500662
             45    0.034685694
             44    0.033870094
             43    0.033054058
             42    0.032231596
             41    0.031426658
             40    0.030617053
             39    0.029820816
             38    0.029025589
             37    0.028231807
             36    0.027422077
             35    0.026624553
             34    0.025830644
             33    0.025044519
             32    0.024244052
             31    0.023436939
             30    0.022655965
             29    0.021860792
             28    0.021091711
             27    0.020328730
             26    0.019555141
             25    0.018787591
             24    0.018016975
             23    0.017242058
             22    0.016473496
             21    0.015695581
             20    0.014912547
             19    0.014152158
             18    0.013386272
             17    0.012641402
             16    0.011891875
             15    0.011135482
             14    0.010383803
             13   0.0096320555
             12   0.0088711446
             11   0.0081371728
             10   0.0073873950
              9   0.0066354970
              8   0.0058923622
              7   0.0051331564
              6   0.0043897037
              5   0.0036474445
              4   0.0029017192
              3   0.0021752545
              2   0.0014461636
              1  0.00072493934
