            500      4.4952629
            499      3.9632889
            498      3.6943210
            497      3.5114635
            496      3.3726110
            495      3.2606471
            494      3.1671813
            493      3.0863859
            492      3.0155672
            491      2.9515936
            490      2.8943508
            489      2.8412902
            488      2.7927697
            487      2.7485628
            486      2.7074523
            485      2.6685099
            484      2.6316531
            483      2.5973428
            482      2.5640254
            481      2.5324539
            480      2.5028214
            479      2.4744708
            478      2.4472198
            477      2.4211919
            476      2.3965364
            475      2.3720977
            474      2.3485089
            473      2.3257642
            472      2.3040966
            471      2.2829240
            470      2.2626099
            469      2.2430557
            468      2.2240886
            467      2.2052154
            466      2.1871370
            465      2.1694565
            464      2.1522062
            463      2.1354098
            462      2.1186755
            461      2.1030576
            460      2.0873390
            459      2.0720540
            458      2.0573016
            457      2.0428341
            456      2.0285231
            455      2.0143690
            454      2.0006463
            453      1.9867851
            452      1.9737621
            451      1.9606585
            450      1.9478486
            449      1.9354592
            448      1.9231236
            447      1.9111712
            446      1.8992777
            445      1.8875298
            444      1.8760799
            443      1.8648181
            442      1.8536503
            441      1.8428437
            440      1.8318764
            439      1.8214493
            438      1.8111536
            437      1.8005237
            436      1.7903794
            435      1.7803302
            434      1.7705270
            433      1.7608903
            432      1.7514104
            431      1.7420400
            430      1.7328339
            429      1.7235276
            428      1.7142998
            427      1.7052447
            426      1.6964276
            425      1.6876832
            424      1.6791115
            423      1.6704386
            422      1.6619050
            421      1.6536825
            420      1.6453743
            419      1.6371337
            418      1.6289124
            417      1.6208073
            416      1.6130444
            415      1.6052499
            414      1.5976712
            413      1.5899884
            412      1.5823721
            411      1.5747647
            410      1.5673528
            409      1.5599603
            408      1.5525402
            407      1.5453734
            406      1.5381323
            405      1.5310407
            404      1.5241028
            403      1.5171546
            402      1.5102842
            401      1.5033280
            400      1.4965375
            399      1.4897996
            398      1.4831335
            397      1.4765136
            396      1.4699236
            395      1.4633987
            394      1.4569354
            393      1.4506101
            392      1.4443602
            391      1.4381369
            390      1.4318908
            389      1.4256620
            388      1.4196038
            387      1.4135756
            386      1.4075890
            385      1.4016685
            384      1.3957762
            383      1.3897933
            382      1.3839455
            381      1.3781538
            380      1.3723733
            379      1.3666639
            378      1.3608848
            377      1.3551604
            376      1.3494940
            375      1.3438039
            374      1.3383034
            373      1.3328816
            372      1.3273893
            371      1.3219767
            370      1.3165518
            369      1.3111044
            368      1.3057787
            367      1.3004839
            366      1.2953000
            365      1.2901440
            364      1.2849493
            363      1.2798192
            362      1.2746828
            361      1.2696229
            360      1.2645843
            359      1.2595761
            358      1.2545286
            357      1.2495612
            356      1.2445952
            355      1.2396528
            354      1.2347683
            353      1.2299267
            352      1.2250757
            351      1.2202390
            350      1.2154514
            349      1.2106967
            348      1.2059865
            347      1.2012619
            346      1.1965837
            345      1.1919455
            344      1.1872983
            343      1.1826702
            342      1.1781071
            341      1.1735624
            340      1.1689976
            339      1.1645873
            338      1.1600515
            337      1.1556553
            336      1.1512335
            335      1.1468462
            334      1.1424504
            333      1.1380635
            332      1.1336794
            331      1.1293023
            330      1.1249471
            329      1.1207117
            328      1.1164091
            327      1.1121565
            326      1.1079011
            325      1.1037141
            324      1.0995059
            323      1.0952922
            322      1.0911214
            321      1.0869434
            320      1.0827674
            319      1.0786827
            318      1.0746359
            317      1.0704993
            316      1.0664095
            315      1.0623612
            314      1.0583739
            313      1.0544434
            312      1.0504661
            311      1.0464606
            310      1.0425121
            309      1.0386221
            308      1.0347201
            307      1.0308032
            306      1.0269393
            305      1.0230973
            304      1.0192827
            303      1.0155052
            302      1.0116585
            301      1.0078550
            300      1.0040563
            299      1.0002985
            298     0.99649828
            297     0.99275034
            296     0.98902077
            295     0.98526311
            294     0.98159634
            293     0.97790262
            292     0.97422351
            291     0.97053435
            290     0.96685573
            289     0.96316104
            288     0.95962275
            287     0.95597903
            286     0.95236695
            285     0.94873297
            284     0.94515347
            283     0.94155516
            282     0.93801230
            281     0.93447066
            280     0.93088171
            279     0.92735675
            278     0.92383036
            277     0.92037562
            276     0.91689990
            275     0.91343638
            274     0.90997665
            273     0.90655638
            272     0.90317067
            271     0.89979930
            270     0.89640875
            269     0.89299274
            268     0.88963651
            267     0.88623581
            266     0.88285869
            265     0.87949636
            264     0.87614184
            263     0.87279779
            262     0.86951366
            261     0.86614820
            260     0.86287188
            259     0.85955330
            258     0.85629566
            257     0.85302607
            256     0.84978359
            255     0.84652070
            254     0.84325609
            253     0.83998443
            252     0.83672548
            251     0.83351246
            250     0.83027680
            249     0.82708895
            248     0.82390262
            247     0.82075629
            246     0.81760273
            245     0.81442712
            244     0.81123218
            243     0.80806463
            242     0.80493394
            241     0.80179746
            240     0.79867759
            239     0.79552830
            238     0.79241181
            237     0.78923600
            236     0.78606863
            235     0.78298305
            234     0.77988196
            233     0.77680927
            232     0.77380730
            231     0.77076999
            230     0.76767441
            229     0.76467294
            228     0.76160904
            227     0.75859738
            226     0.75552998
            225     0.75253826
            224     0.74951833
            223     0.74655162
            222     0.74358790
            221     0.74060004
            220     0.73756630
            219     0.73461554
            218     0.73165553
            217     0.72868064
            216     0.72570234
            215     0.72272056
            214     0.71984427
            213     0.71693862
            212     0.71396622
            211     0.71110886
            210     0.70816244
            209     0.70525014
            208     0.70234928
            207     0.69946637
            206     0.69656112
            205     0.69364050
            204     0.69077854
            203     0.68794577
            202     0.68511370
            201     0.68224518
            200     0.67937030
            199     0.67655909
            198     0.67369963
            197     0.67081641
            196     0.66790933
            195     0.66503877
            194     0.66218130
            193     0.65933287
            192     0.65650262
            191     0.65367589
            190     0.65082625
            189     0.64795680
            188     0.64515231
            187     0.64240745
            186     0.63961762
            185     0.63682264
            184     0.63409387
            183     0.63134777
            182     0.62858489
            181     0.62580889
            180     0.62307740
            179     0.62024651
            178     0.61744710
            177     0.61467029
            176     0.61189627
            175     0.60917873
            174     0.60643825
            173     0.60370034
            172     0.60094397
            171     0.59819588
            170     0.59543180
            169     0.59268761
            168     0.58996147
            167     0.58722112
            166     0.58450314
            165     0.58180216
            164     0.57913012
            163     0.57647047
            162     0.57373079
            161     0.57104852
            160     0.56838274
            159     0.56572199
            158     0.56304140
            157     0.56031220
            156     0.55760169
            155     0.55490804
            154     0.55224792
            153     0.54956875
            152     0.54693301
            151     0.54426531
            150     0.54161825
            149     0.53891488
            148     0.53626078
            147     0.53361945
            146     0.53095508
            145     0.52833497
            144     0.52571380
            143     0.52307620
            142     0.52040280
            141     0.51778704
            140     0.51513354
            139     0.51254735
            138     0.50988615
            137     0.50723823
            136     0.50460237
            135     0.50199610
            134     0.49935960
            133     0.49675975
            132     0.49414008
            131     0.49148197
            130     0.48880251
            129     0.48617676
            128     0.48356306
            127     0.48095055
            126     0.47831099
            125     0.47567576
            124     0.47304801
            123     0.47046484
            122     0.46788560
            121     0.46523019
            120     0.46261586
            119     0.45998296
            118     0.45745364
            117     0.45481902
            116     0.45218293
            115     0.44957806
            114     0.44693617
            113     0.44436956
            112     0.44178866
            111     0.43917002
            110     0.43655371
            109     0.43395961
            108     0.43133129
            107     0.42868684
            106     0.42602844
            105     0.42342004
            104     0.42078660
            103     0.41815712
            102     0.41552163
            101     0.41295878
            100     0.41030882
             99     0.40771326
             98     0.40505989
             97     0.40243202
             96     0.39985705
             95     0.39719589
             94     0.39456479
             93     0.39193657
             92     0.38925177
             91     0.38662983
             90     0.38396885
             89     0.38131432
             88     0.37868411
             87     0.37600046
             86     0.37333157
             85     0.37064536
             84     0.36796801
             83     0.36531885
             82     0.36267348
             81     0.35999005
             80     0.35729637
             79     0.35461287
             78     0.35191840
             77     0.34917904
             76     0.34648687
             75     0.34374967
             74     0.34107788
             73     0.33831926
             72     0.33557971
             71     0.33280743
             70     0.33002948
             69     0.32730063
             68     0.32455233
             67     0.32176669
             66     0.31899440
             65     0.31622985
             64     0.31347038
             63     0.31066480
             62     0.30787438
             61     0.30510831
             60     0.30227817
             59     0.29947901
             58     0.29664845
             57     0.29378652
             56     0.29093636
             55     0.28807205
             54     0.28513221
             53     0.28220696
             52     0.27928555
             51     0.27632954
             50     0.27337504
             49     0.27037940
             48     0.26737363
             47     0.26438261
             46     0.26141718
             45     0.25836672
             44     0.25534112
             43     0.25221821
             42     0.24913243
             41     0.24594984
             40     0.24283392
             39     0.23961239
             38     0.23641468
             37     0.23322642
             36     0.22998875
             35     0.22672722
             34     0.22342804
             33     0.22009386
             32     0.21670047
             31     0.21327771
             30     0.20989289
             29     0.20647925
             28     0.20305538
             27     0.19951916
             26     0.19588188
             25     0.19215818
             24     0.18847907
             23     0.18471717
             22     0.18088782
             21     0.17698866
             20     0.17299836
             19     0.16887561
             18     0.16475099
             17     0.16056742
             16     0.15619740
             15     0.15178711
             14     0.14724011
             13     0.14251104
             12     0.13762567
             11     0.13259037
             10     0.12727797
              9     0.12177793
              8     0.11587275
              7     0.10961283
              6     0.10286874
              5    0.095585154
              4    0.087359708
              3    0.077982694
              2    0.066246800
              1    0.049912924
