            500      1.6711065
            499      1.5919521
            498      1.5504571
            497      1.5215705
            496      1.4990223
            495      1.4810423
            494      1.4655699
            493      1.4522365
            492      1.4402592
            491      1.4294128
            490      1.4196500
            489      1.4106551
            488      1.4022697
            487      1.3946546
            486      1.3874029
            485      1.3804501
            484      1.3740180
            483      1.3678754
            482      1.3620245
            481      1.3564732
            480      1.3511069
            479      1.3459883
            478      1.3409807
            477      1.3362890
            476      1.3317144
            475      1.3273390
            474      1.3230239
            473      1.3189011
            472      1.3149705
            471      1.3110809
            470      1.3072763
            469      1.3036574
            468      1.3001070
            467      1.2965820
            466      1.2932330
            465      1.2899516
            464      1.2867080
            463      1.2835369
            462      1.2804548
            461      1.2774368
            460      1.2744170
            459      1.2715049
            458      1.2686367
            457      1.2658206
            456      1.2630340
            455      1.2603225
            454      1.2576600
            453      1.2550508
            452      1.2524569
            451      1.2499379
            450      1.2474388
            449      1.2449723
            448      1.2425451
            447      1.2402456
            446      1.2379117
            445      1.2355845
            444      1.2333162
            443      1.2310696
            442      1.2288546
            441      1.2266985
            440      1.2245147
            439      1.2223958
            438      1.2203103
            437      1.2182393
            436      1.2161751
            435      1.2141603
            434      1.2121012
            433      1.2100987
            432      1.2081103
            431      1.2061594
            430      1.2042608
            429      1.2023643
            428      1.2005018
            427      1.1986400
            426      1.1967740
            425      1.1949509
            424      1.1931395
            423      1.1913320
            422      1.1895443
            421      1.1877972
            420      1.1860929
            419      1.1843568
            418      1.1826242
            417      1.1809161
            416      1.1792294
            415      1.1775303
            414      1.1758841
            413      1.1742085
            412      1.1725851
            411      1.1709668
            410      1.1693714
            409      1.1677690
            408      1.1662003
            407      1.1646406
            406      1.1630719
            405      1.1615530
            404      1.1600290
            403      1.1585009
            402      1.1569990
            401      1.1555222
            400      1.1540325
            399      1.1525754
            398      1.1511120
            397      1.1496613
            396      1.1482006
            395      1.1467755
            394      1.1453356
            393      1.1439219
            392      1.1425272
            391      1.1411162
            390      1.1397308
            389      1.1383518
            388      1.1369806
            387      1.1356392
            386      1.1342795
            385      1.1328842
            384      1.1315226
            383      1.1301774
            382      1.1288455
            381      1.1275179
            380      1.1261999
            379      1.1248974
            378      1.1235799
            377      1.1222762
            376      1.1209922
            375      1.1197027
            374      1.1184222
            373      1.1171479
            372      1.1158817
            371      1.1146357
            370      1.1133873
            369      1.1121300
            368      1.1108754
            367      1.1096432
            366      1.1083989
            365      1.1071690
            364      1.1059402
            363      1.1047280
            362      1.1035004
            361      1.1022631
            360      1.1010591
            359      1.0998876
            358      1.0986970
            357      1.0975104
            356      1.0963495
            355      1.0951641
            354      1.0939769
            353      1.0928101
            352      1.0916468
            351      1.0904863
            350      1.0893310
            349      1.0881789
            348      1.0870255
            347      1.0858737
            346      1.0847172
            345      1.0835908
            344      1.0824670
            343      1.0813396
            342      1.0802388
            341      1.0791166
            340      1.0779892
            339      1.0768760
            338      1.0757744
            337      1.0746547
            336      1.0735521
            335      1.0724707
            334      1.0714010
            333      1.0703128
            332      1.0692315
            331      1.0681388
            330      1.0670676
            329      1.0659891
            328      1.0649063
            327      1.0638353
            326      1.0627682
            325      1.0617199
            324      1.0606545
            323      1.0595799
            322      1.0585248
            321      1.0574799
            320      1.0564382
            319      1.0554022
            318      1.0543591
            317      1.0533150
            316      1.0522807
            315      1.0512306
            314      1.0502084
            313      1.0491753
            312      1.0481531
            311      1.0471185
            310      1.0460965
            309      1.0450883
            308      1.0440684
            307      1.0430392
            306      1.0420187
            305      1.0410238
            304      1.0400050
            303      1.0389841
            302      1.0379713
            301      1.0369717
            300      1.0359676
            299      1.0349391
            298      1.0339228
            297      1.0329462
            296      1.0319330
            295      1.0309479
            294      1.0299600
            293      1.0289814
            292      1.0280042
            291      1.0270459
            290      1.0260582
            289      1.0250785
            288      1.0240855
            287      1.0231064
            286      1.0221223
            285      1.0211435
            284      1.0201729
            283      1.0192109
            282      1.0182140
            281      1.0172490
            280      1.0162706
            279      1.0153041
            278      1.0143275
            277      1.0133650
            276      1.0123984
            275      1.0114322
            274      1.0104681
            273      1.0095056
            272      1.0085487
            271      1.0075747
            270      1.0066189
            269      1.0056756
            268      1.0047223
            267      1.0037708
            266      1.0028137
            265      1.0018628
            264      1.0009088
            263     0.99994376
            262     0.99899732
            261     0.99805633
            260     0.99712134
            259     0.99619960
            258     0.99526247
            257     0.99432537
            256     0.99336670
            255     0.99243481
            254     0.99148745
            253     0.99054475
            252     0.98959848
            251     0.98865923
            250     0.98770439
            249     0.98676378
            248     0.98584072
            247     0.98490641
            246     0.98397224
            245     0.98303881
            244     0.98209942
            243     0.98116750
            242     0.98021510
            241     0.97926858
            240     0.97832740
            239     0.97740137
            238     0.97646101
            237     0.97552686
            236     0.97458424
            235     0.97365706
            234     0.97271969
            233     0.97177556
            232     0.97083543
            231     0.96990226
            230     0.96897000
            229     0.96802330
            228     0.96709577
            227     0.96615262
            226     0.96521139
            225     0.96425706
            224     0.96333043
            223     0.96239292
            222     0.96147077
            221     0.96053221
            220     0.95959534
            219     0.95867022
            218     0.95774848
            217     0.95680581
            216     0.95586641
            215     0.95494339
            214     0.95399681
            213     0.95305129
            212     0.95212146
            211     0.95117384
            210     0.95022135
            209     0.94927882
            208     0.94832856
            207     0.94739453
            206     0.94646607
            205     0.94552812
            204     0.94460270
            203     0.94365364
            202     0.94269650
            201     0.94174420
            200     0.94078398
            199     0.93985392
            198     0.93891031
            197     0.93795384
            196     0.93701585
            195     0.93606370
            194     0.93511501
            193     0.93417541
            192     0.93322265
            191     0.93227202
            190     0.93134108
            189     0.93037669
            188     0.92943769
            187     0.92848851
            186     0.92754122
            185     0.92659029
            184     0.92563527
            183     0.92466006
            182     0.92368899
            181     0.92275287
            180     0.92178510
            179     0.92081982
            178     0.91986006
            177     0.91889859
            176     0.91793368
            175     0.91697450
            174     0.91600065
            173     0.91502328
            172     0.91403519
            171     0.91307197
            170     0.91210392
            169     0.91112381
            168     0.91015081
            167     0.90917785
            166     0.90820859
            165     0.90722942
            164     0.90625393
            163     0.90527098
            162     0.90428245
            161     0.90328813
            160     0.90229527
            159     0.90130331
            158     0.90030959
            157     0.89932835
            156     0.89832488
            155     0.89732619
            154     0.89634053
            153     0.89532673
            152     0.89432150
            151     0.89331177
            150     0.89230384
            149     0.89128760
            148     0.89028397
            147     0.88927084
            146     0.88825179
            145     0.88722945
            144     0.88619229
            143     0.88517223
            142     0.88414430
            141     0.88311313
            140     0.88208646
            139     0.88106198
            138     0.88002740
            137     0.87898415
            136     0.87792850
            135     0.87690046
            134     0.87585812
            133     0.87482607
            132     0.87377177
            131     0.87269784
            130     0.87164326
            129     0.87058484
            128     0.86951972
            127     0.86845703
            126     0.86739237
            125     0.86634007
            124     0.86525902
            123     0.86417614
            122     0.86305819
            121     0.86195960
            120     0.86084378
            119     0.85974071
            118     0.85862663
            117     0.85752493
            116     0.85641707
            115     0.85528977
            114     0.85417046
            113     0.85301554
            112     0.85188452
            111     0.85074046
            110     0.84960762
            109     0.84847957
            108     0.84731624
            107     0.84613218
            106     0.84496952
            105     0.84381775
            104     0.84265906
            103     0.84147370
            102     0.84028673
            101     0.83910234
            100     0.83791132
             99     0.83670316
             98     0.83551709
             97     0.83428649
             96     0.83303818
             95     0.83178803
             94     0.83054144
             93     0.82929703
             92     0.82805130
             91     0.82677051
             90     0.82551654
             89     0.82425093
             88     0.82294783
             87     0.82165217
             86     0.82039000
             85     0.81909470
             84     0.81778374
             83     0.81647222
             82     0.81513924
             81     0.81380911
             80     0.81244989
             79     0.81109639
             78     0.80975124
             77     0.80836413
             76     0.80695842
             75     0.80554602
             74     0.80412022
             73     0.80270042
             72     0.80127605
             71     0.79984121
             70     0.79838768
             69     0.79690837
             68     0.79542115
             67     0.79394062
             66     0.79242791
             65     0.79089918
             64     0.78937809
             63     0.78785042
             62     0.78625779
             61     0.78467522
             60     0.78306643
             59     0.78148392
             58     0.77987117
             57     0.77819773
             56     0.77652554
             55     0.77480570
             54     0.77310085
             53     0.77139654
             52     0.76964088
             51     0.76786058
             50     0.76605259
             49     0.76419580
             48     0.76234315
             47     0.76049224
             46     0.75858346
             45     0.75664061
             44     0.75469751
             43     0.75269492
             42     0.75067548
             41     0.74859477
             40     0.74651871
             39     0.74436780
             38     0.74220533
             37     0.73999199
             36     0.73775893
             35     0.73545244
             34     0.73312493
             33     0.73074031
             32     0.72827918
             31     0.72578992
             30     0.72329826
             29     0.72068797
             28     0.71798129
             27     0.71523513
             26     0.71240882
             25     0.70945371
             24     0.70649610
             23     0.70340672
             22     0.70020143
             21     0.69688872
             20     0.69347976
             19     0.68999486
             18     0.68632775
             17     0.68260526
             16     0.67860347
             15     0.67437206
             14     0.66992933
             13     0.66521458
             12     0.66012446
             11     0.65478828
             10     0.64894915
              9     0.64275027
              8     0.63589185
              7     0.62819542
              6     0.61976865
              5     0.60987647
              4     0.59784879
              3     0.58280984
              2     0.56161447
              1     0.52500616
