           1000      7.4874414
            999      6.4630253
            998      5.9745048
            997      5.6435274
            996      5.3997302
            995      5.2010459
            994      5.0367318
            993      4.8900231
            992      4.7689840
            991      4.6567572
            990      4.5560275
            989      4.4666390
            988      4.3826479
            987      4.3056161
            986      4.2374175
            985      4.1695313
            984      4.1092587
            983      4.0504196
            982      3.9942554
            981      3.9422665
            980      3.8912610
            979      3.8428451
            978      3.7990073
            977      3.7555065
            976      3.7148092
            975      3.6759636
            974      3.6367931
            973      3.5987637
            972      3.5625778
            971      3.5303200
            970      3.4957212
            969      3.4611699
            968      3.4308841
            967      3.4007123
            966      3.3717620
            965      3.3428384
            964      3.3143884
            963      3.2873503
            962      3.2611641
            961      3.2364848
            960      3.2120941
            959      3.1867079
            958      3.1623750
            957      3.1395943
            956      3.1165468
            955      3.0948973
            954      3.0736557
            953      3.0520967
            952      3.0300618
            951      3.0092886
            950      2.9893611
            949      2.9703950
            948      2.9511011
            947      2.9315032
            946      2.9123317
            945      2.8935549
            944      2.8754384
            943      2.8589151
            942      2.8422898
            941      2.8254353
            940      2.8088058
            939      2.7932642
            938      2.7776943
            937      2.7613241
            936      2.7453591
            935      2.7298678
            934      2.7152174
            933      2.7006277
            932      2.6866311
            931      2.6720048
            930      2.6575795
            929      2.6428072
            928      2.6288107
            927      2.6155514
            926      2.6020868
            925      2.5891571
            924      2.5756211
            923      2.5629014
            922      2.5499932
            921      2.5369769
            920      2.5244922
            919      2.5123737
            918      2.5005115
            917      2.4882254
            916      2.4761863
            915      2.4640592
            914      2.4523847
            913      2.4404237
            912      2.4292811
            911      2.4180625
            910      2.4069961
            909      2.3955639
            908      2.3839929
            907      2.3726923
            906      2.3624681
            905      2.3519011
            904      2.3415303
            903      2.3310904
            902      2.3201138
            901      2.3108511
            900      2.3006208
            899      2.2908767
            898      2.2809564
            897      2.2712751
            896      2.2615460
            895      2.2520407
            894      2.2429498
            893      2.2340069
            892      2.2245616
            891      2.2150853
            890      2.2060007
            889      2.1972602
            888      2.1887160
            887      2.1800340
            886      2.1713738
            885      2.1621985
            884      2.1538321
            883      2.1455882
            882      2.1370503
            881      2.1288571
            880      2.1205372
            879      2.1122703
            878      2.1042632
            877      2.0962340
            876      2.0887155
            875      2.0803719
            874      2.0718872
            873      2.0640270
            872      2.0562697
            871      2.0483123
            870      2.0407073
            869      2.0330498
            868      2.0250042
            867      2.0173844
            866      2.0097055
            865      2.0019248
            864      1.9947330
            863      1.9870314
            862      1.9796357
            861      1.9721864
            860      1.9650349
            859      1.9580250
            858      1.9509244
            857      1.9439592
            856      1.9373465
            855      1.9306418
            854      1.9234968
            853      1.9168550
            852      1.9103253
            851      1.9037437
            850      1.8970471
            849      1.8906037
            848      1.8838444
            847      1.8769338
            846      1.8703673
            845      1.8639415
            844      1.8576611
            843      1.8509860
            842      1.8446483
            841      1.8380715
            840      1.8318710
            839      1.8256521
            838      1.8198733
            837      1.8137402
            836      1.8073151
            835      1.8012301
            834      1.7948666
            833      1.7886297
            832      1.7828425
            831      1.7765449
            830      1.7706325
            829      1.7645503
            828      1.7582902
            827      1.7521461
            826      1.7463915
            825      1.7406683
            824      1.7347144
            823      1.7289320
            822      1.7234432
            821      1.7175832
            820      1.7121834
            819      1.7063211
            818      1.7009841
            817      1.6957150
            816      1.6901081
            815      1.6846999
            814      1.6794160
            813      1.6742293
            812      1.6686047
            811      1.6631635
            810      1.6580210
            809      1.6523802
            808      1.6471637
            807      1.6419252
            806      1.6366227
            805      1.6314663
            804      1.6265323
            803      1.6213244
            802      1.6163183
            801      1.6114832
            800      1.6065894
            799      1.6019253
            798      1.5967832
            797      1.5920466
            796      1.5872275
            795      1.5822198
            794      1.5774392
            793      1.5724398
            792      1.5676300
            791      1.5629252
            790      1.5583143
            789      1.5534290
            788      1.5486423
            787      1.5440737
            786      1.5393908
            785      1.5347011
            784      1.5298380
            783      1.5252453
            782      1.5208698
            781      1.5163534
            780      1.5118196
            779      1.5071807
            778      1.5028506
            777      1.4983749
            776      1.4937436
            775      1.4893128
            774      1.4848930
            773      1.4801588
            772      1.4757931
            771      1.4713520
            770      1.4669943
            769      1.4626099
            768      1.4581596
            767      1.4539833
            766      1.4497081
            765      1.4456620
            764      1.4415636
            763      1.4372302
            762      1.4331081
            761      1.4287654
            760      1.4245489
            759      1.4203791
            758      1.4165033
            757      1.4124180
            756      1.4082229
            755      1.4041718
            754      1.3998986
            753      1.3956573
            752      1.3917283
            751      1.3877749
            750      1.3836245
            749      1.3797302
            748      1.3757885
            747      1.3718835
            746      1.3679612
            745      1.3641526
            744      1.3604040
            743      1.3564628
            742      1.3527455
            741      1.3489158
            740      1.3451963
            739      1.3413798
            738      1.3375788
            737      1.3335803
            736      1.3296869
            735      1.3258683
            734      1.3219981
            733      1.3181967
            732      1.3145708
            731      1.3109956
            730      1.3072521
            729      1.3034865
            728      1.2999148
            727      1.2963368
            726      1.2927359
            725      1.2889382
            724      1.2853634
            723      1.2815309
            722      1.2781552
            721      1.2744758
            720      1.2708632
            719      1.2673347
            718      1.2636688
            717      1.2602234
            716      1.2566689
            715      1.2533299
            714      1.2498753
            713      1.2462411
            712      1.2426277
            711      1.2391725
            710      1.2355990
            709      1.2322094
            708      1.2287274
            707      1.2253746
            706      1.2220413
            705      1.2186935
            704      1.2152633
            703      1.2119552
            702      1.2086882
            701      1.2054955
            700      1.2022103
            699      1.1990489
            698      1.1956825
            697      1.1923856
            696      1.1890447
            695      1.1856489
            694      1.1823476
            693      1.1790882
            692      1.1757299
            691      1.1725588
            690      1.1694943
            689      1.1663686
            688      1.1633480
            687      1.1602382
            686      1.1570049
            685      1.1537430
            684      1.1505552
            683      1.1474443
            682      1.1442543
            681      1.1411473
            680      1.1379666
            679      1.1348545
            678      1.1315879
            677      1.1285112
            676      1.1255337
            675      1.1224487
            674      1.1196450
            673      1.1164052
            672      1.1134537
            671      1.1104429
            670      1.1073177
            669      1.1042642
            668      1.1013123
            667      1.0982454
            666      1.0953122
            665      1.0922760
            664      1.0893461
            663      1.0863975
            662      1.0836041
            661      1.0806330
            660      1.0776350
            659      1.0748155
            658      1.0717937
            657      1.0689151
            656      1.0660139
            655      1.0631930
            654      1.0602404
            653      1.0574633
            652      1.0544820
            651      1.0515551
            650      1.0487510
            649      1.0458627
            648      1.0431203
            647      1.0403640
            646      1.0376399
            645      1.0347296
            644      1.0319820
            643      1.0292513
            642      1.0264539
            641      1.0235302
            640      1.0208416
            639      1.0180274
            638      1.0152286
            637      1.0126506
            636      1.0097897
            635      1.0069461
            634      1.0040744
            633      1.0012515
            632     0.99865828
            631     0.99595931
            630     0.99314971
            629     0.99053685
            628     0.98772223
            627     0.98490055
            626     0.98211376
            625     0.97942643
            624     0.97657284
            623     0.97369890
            622     0.97093167
            621     0.96838051
            620     0.96591984
            619     0.96334947
            618     0.96064620
            617     0.95802488
            616     0.95533710
            615     0.95289728
            614     0.95024260
            613     0.94764109
            612     0.94511708
            611     0.94231882
            610     0.93974404
            609     0.93711345
            608     0.93462489
            607     0.93198812
            606     0.92940216
            605     0.92692484
            604     0.92442701
            603     0.92201970
            602     0.91965207
            601     0.91705727
            600     0.91453132
            599     0.91206228
            598     0.90945924
            597     0.90701774
            596     0.90446675
            595     0.90216219
            594     0.89971449
            593     0.89731195
            592     0.89474279
            591     0.89222727
            590     0.88973668
            589     0.88737032
            588     0.88491391
            587     0.88240946
            586     0.87993439
            585     0.87748470
            584     0.87497438
            583     0.87262666
            582     0.87034888
            581     0.86804128
            580     0.86562655
            579     0.86322130
            578     0.86081015
            577     0.85851669
            576     0.85607179
            575     0.85370021
            574     0.85133876
            573     0.84898562
            572     0.84654973
            571     0.84422341
            570     0.84185630
            569     0.83963560
            568     0.83726654
            567     0.83493057
            566     0.83260788
            565     0.83039737
            564     0.82823910
            563     0.82591840
            562     0.82364425
            561     0.82128471
            560     0.81918362
            559     0.81682932
            558     0.81442278
            557     0.81212652
            556     0.80993911
            555     0.80784854
            554     0.80561910
            553     0.80342648
            552     0.80138220
            551     0.79921041
            550     0.79704099
            549     0.79480999
            548     0.79254398
            547     0.79030377
            546     0.78809700
            545     0.78590806
            544     0.78362570
            543     0.78136754
            542     0.77899222
            541     0.77685407
            540     0.77463599
            539     0.77245010
            538     0.77036190
            537     0.76808610
            536     0.76595838
            535     0.76375284
            534     0.76174373
            533     0.75960131
            532     0.75746597
            531     0.75532924
            530     0.75306997
            529     0.75091574
            528     0.74872946
            527     0.74670314
            526     0.74452477
            525     0.74246314
            524     0.74043549
            523     0.73834420
            522     0.73628340
            521     0.73409125
            520     0.73203490
            519     0.72990998
            518     0.72784079
            517     0.72558228
            516     0.72351153
            515     0.72136066
            514     0.71934487
            513     0.71732417
            512     0.71535412
            511     0.71338632
            510     0.71138400
            509     0.70940507
            508     0.70730849
            507     0.70514588
            506     0.70320715
            505     0.70120477
            504     0.69930392
            503     0.69733159
            502     0.69536742
            501     0.69341773
            500     0.69145954
            499     0.68953112
            498     0.68744134
            497     0.68551050
            496     0.68361107
            495     0.68171376
            494     0.67969319
            493     0.67765545
            492     0.67569555
            491     0.67384699
            490     0.67191531
            489     0.66995916
            488     0.66802663
            487     0.66597938
            486     0.66398262
            485     0.66195673
            484     0.66006119
            483     0.65819650
            482     0.65628706
            481     0.65434464
            480     0.65230094
            479     0.65025966
            478     0.64831690
            477     0.64641117
            476     0.64452619
            475     0.64253910
            474     0.64061699
            473     0.63882198
            472     0.63695220
            471     0.63501383
            470     0.63311489
            469     0.63120108
            468     0.62926807
            467     0.62742047
            466     0.62549205
            465     0.62369247
            464     0.62186980
            463     0.62004041
            462     0.61816462
            461     0.61630373
            460     0.61449501
            459     0.61270984
            458     0.61091832
            457     0.60908050
            456     0.60724598
            455     0.60551077
            454     0.60364177
            453     0.60175485
            452     0.59986716
            451     0.59805186
            450     0.59620779
            449     0.59444133
            448     0.59265112
            447     0.59090315
            446     0.58905508
            445     0.58724069
            444     0.58548886
            443     0.58373003
            442     0.58187798
            441     0.58010407
            440     0.57843246
            439     0.57677551
            438     0.57497377
            437     0.57319831
            436     0.57149496
            435     0.56968943
            434     0.56793624
            433     0.56617693
            432     0.56446402
            431     0.56271593
            430     0.56093468
            429     0.55923330
            428     0.55739949
            427     0.55567225
            426     0.55395446
            425     0.55216936
            424     0.55045323
            423     0.54875857
            422     0.54701302
            421     0.54523198
            420     0.54341138
            419     0.54176402
            418     0.54011679
            417     0.53841025
            416     0.53674731
            415     0.53505885
            414     0.53335460
            413     0.53164119
            412     0.52990491
            411     0.52819997
            410     0.52644088
            409     0.52470167
            408     0.52306600
            407     0.52140053
            406     0.51968142
            405     0.51802366
            404     0.51629222
            403     0.51466246
            402     0.51289005
            401     0.51126216
            400     0.50963237
            399     0.50782847
            398     0.50616931
            397     0.50467816
            396     0.50306494
            395     0.50140016
            394     0.49973145
            393     0.49814147
            392     0.49654567
            391     0.49492239
            390     0.49330218
            389     0.49173134
            388     0.49011912
            387     0.48848391
            386     0.48686417
            385     0.48518837
            384     0.48354919
            383     0.48200255
            382     0.48036545
            381     0.47878226
            380     0.47709760
            379     0.47553734
            378     0.47385808
            377     0.47224946
            376     0.47067796
            375     0.46905623
            374     0.46744962
            373     0.46582092
            372     0.46421400
            371     0.46260093
            370     0.46099322
            369     0.45940138
            368     0.45778964
            367     0.45623326
            366     0.45468548
            365     0.45317511
            364     0.45156428
            363     0.45005756
            362     0.44854630
            361     0.44702873
            360     0.44545156
            359     0.44395497
            358     0.44240112
            357     0.44090775
            356     0.43938877
            355     0.43784917
            354     0.43630600
            353     0.43474240
            352     0.43325892
            351     0.43172050
            350     0.43016397
            349     0.42863627
            348     0.42707614
            347     0.42556288
            346     0.42409513
            345     0.42255500
            344     0.42096986
            343     0.41943663
            342     0.41785414
            341     0.41630700
            340     0.41485535
            339     0.41337032
            338     0.41181562
            337     0.41037475
            336     0.40885558
            335     0.40733131
            334     0.40579845
            333     0.40427712
            332     0.40272480
            331     0.40122029
            330     0.39970228
            329     0.39822699
            328     0.39674645
            327     0.39520428
            326     0.39376691
            325     0.39223196
            324     0.39075488
            323     0.38918473
            322     0.38766851
            321     0.38625243
            320     0.38484535
            319     0.38339405
            318     0.38193782
            317     0.38043862
            316     0.37894508
            315     0.37748652
            314     0.37607643
            313     0.37459924
            312     0.37315524
            311     0.37179501
            310     0.37039261
            309     0.36893268
            308     0.36750791
            307     0.36610454
            306     0.36457852
            305     0.36315193
            304     0.36179066
            303     0.36033314
            302     0.35881593
            301     0.35740146
            300     0.35599509
            299     0.35460038
            298     0.35327296
            297     0.35179385
            296     0.35039872
            295     0.34893978
            294     0.34755184
            293     0.34611989
            292     0.34466677
            291     0.34329318
            290     0.34191239
            289     0.34048349
            288     0.33911630
            287     0.33762840
            286     0.33627084
            285     0.33488803
            284     0.33346720
            283     0.33210751
            282     0.33072990
            281     0.32938244
            280     0.32801967
            279     0.32668796
            278     0.32530911
            277     0.32383004
            276     0.32254639
            275     0.32112309
            274     0.31981515
            273     0.31837442
            272     0.31708513
            271     0.31568573
            270     0.31434639
            269     0.31297519
            268     0.31161998
            267     0.31028814
            266     0.30898101
            265     0.30764682
            264     0.30635035
            263     0.30495898
            262     0.30361958
            261     0.30223369
            260     0.30078742
            259     0.29945029
            258     0.29814697
            257     0.29675842
            256     0.29544409
            255     0.29409930
            254     0.29272775
            253     0.29135681
            252     0.29000551
            251     0.28864665
            250     0.28731033
            249     0.28591524
            248     0.28454415
            247     0.28326988
            246     0.28195055
            245     0.28061824
            244     0.27930218
            243     0.27806146
            242     0.27680113
            241     0.27542859
            240     0.27410199
            239     0.27275900
            238     0.27148542
            237     0.27016320
            236     0.26889412
            235     0.26758631
            234     0.26624058
            233     0.26487943
            232     0.26348538
            231     0.26218323
            230     0.26089711
            229     0.25961446
            228     0.25834982
            227     0.25699832
            226     0.25574344
            225     0.25448500
            224     0.25313682
            223     0.25186892
            222     0.25059056
            221     0.24930336
            220     0.24806952
            219     0.24677585
            218     0.24548717
            217     0.24425690
            216     0.24299831
            215     0.24169540
            214     0.24043503
            213     0.23910716
            212     0.23784213
            211     0.23659741
            210     0.23531808
            209     0.23402955
            208     0.23276784
            207     0.23149993
            206     0.23021418
            205     0.22900532
            204     0.22777231
            203     0.22655102
            202     0.22531181
            201     0.22403975
            200     0.22279422
            199     0.22149096
            198     0.22023974
            197     0.21903075
            196     0.21778762
            195     0.21653727
            194     0.21522217
            193     0.21401563
            192     0.21279577
            191     0.21160851
            190     0.21039319
            189     0.20919641
            188     0.20803138
            187     0.20679766
            186     0.20556906
            185     0.20435121
            184     0.20310004
            183     0.20175453
            182     0.20051256
            181     0.19931505
            180     0.19805753
            179     0.19687960
            178     0.19560622
            177     0.19440686
            176     0.19314742
            175     0.19194443
            174     0.19068104
            173     0.18951054
            172     0.18826055
            171     0.18709799
            170     0.18587316
            169     0.18469759
            168     0.18349955
            167     0.18232104
            166     0.18110795
            165     0.17992114
            164     0.17871924
            163     0.17759702
            162     0.17640929
            161     0.17511621
            160     0.17391513
            159     0.17274643
            158     0.17156285
            157     0.17033568
            156     0.16915625
            155     0.16798672
            154     0.16680124
            153     0.16561753
            152     0.16444054
            151     0.16324803
            150     0.16203262
            149     0.16078229
            148     0.15960609
            147     0.15839559
            146     0.15729467
            145     0.15606244
            144     0.15489360
            143     0.15375997
            142     0.15263823
            141     0.15149509
            140     0.15034014
            139     0.14918351
            138     0.14803845
            137     0.14694904
            136     0.14583030
            135     0.14461090
            134     0.14345898
            133     0.14233818
            132     0.14122316
            131     0.14007574
            130     0.13896714
            129     0.13779838
            128     0.13660890
            127     0.13542541
            126     0.13428732
            125     0.13315990
            124     0.13201093
            123     0.13089142
            122     0.12978419
            121     0.12865919
            120     0.12748740
            119     0.12631913
            118     0.12521174
            117     0.12404448
            116     0.12289709
            115     0.12173766
            114     0.12065220
            113     0.11950807
            112     0.11838939
            111     0.11727668
            110     0.11618131
            109     0.11505574
            108     0.11390289
            107     0.11284296
            106     0.11169253
            105     0.11057162
            104     0.10946297
            103     0.10840053
            102     0.10727266
            101     0.10614996
            100     0.10507494
             99     0.10392702
             98     0.10279448
             97     0.10169455
             96     0.10065446
             95    0.099517115
             94    0.098406099
             93    0.097313122
             92    0.096249793
             91    0.095082438
             90    0.093995659
             89    0.092880001
             88    0.091780926
             87    0.090728206
             86    0.089600664
             85    0.088442289
             84    0.087331315
             83    0.086235362
             82    0.085178221
             81    0.084125097
             80    0.083025430
             79    0.081944484
             78    0.080884842
             77    0.079779852
             76    0.078710822
             75    0.077646867
             74    0.076582051
             73    0.075480498
             72    0.074412921
             71    0.073388382
             70    0.072257439
             69    0.071244699
             68    0.070163429
             67    0.069088290
             66    0.068010833
             65    0.066957251
             64    0.065852122
             63    0.064827018
             62    0.063736680
             61    0.062658849
             60    0.061565958
             59    0.060486287
             58    0.059504378
             57    0.058464834
             56    0.057397078
             55    0.056356487
             54    0.055317309
             53    0.054297491
             52    0.053243035
             51    0.052227414
             50    0.051103575
             49    0.050083839
             48    0.049027865
             47    0.047955262
             46    0.046883738
             45    0.045859757
             44    0.044869401
             43    0.043795853
             42    0.042785229
             41    0.041752074
             40    0.040718068
             39    0.039677741
             38    0.038632513
             37    0.037632228
             36    0.036589554
             35    0.035537886
             34    0.034507439
             33    0.033467897
             32    0.032459627
             31    0.031421612
             30    0.030316366
             29    0.029248897
             28    0.028241752
             27    0.027178894
             26    0.026194612
             25    0.025162312
             24    0.024130721
             23    0.023144971
             22    0.022167837
             21    0.021163741
             20    0.020121407
             19    0.019098458
             18    0.018059704
             17    0.017048586
             16    0.016078467
             15    0.015089418
             14    0.014069478
             13    0.013051321
             12    0.011975390
             11    0.010962032
             10   0.0099759435
              9   0.0089670483
              8   0.0079159238
              7   0.0069208421
              6   0.0059113626
              5   0.0048951890
              4   0.0039317746
              3   0.0029463933
              2   0.0019277436
              1  0.00096892709
