           1000      13.893519
            999      11.546771
            998      10.382276
            997      9.6268731
            996      9.0624971
            995      8.6082643
            994      8.2282627
            993      7.9054293
            992      7.6216042
            991      7.3728396
            990      7.1489578
            989      6.9460298
            988      6.7606430
            987      6.5892262
            986      6.4313960
            985      6.2849145
            984      6.1453386
            983      6.0178247
            982      5.8967003
            981      5.7822794
            980      5.6742733
            979      5.5728399
            978      5.4745393
            977      5.3815115
            976      5.2918312
            975      5.2068695
            974      5.1251472
            973      5.0458574
            972      4.9703992
            971      4.8975226
            970      4.8281523
            969      4.7606058
            968      4.6949782
            967      4.6329001
            966      4.5712347
            965      4.5115556
            964      4.4537788
            963      4.3972371
            962      4.3437999
            961      4.2906356
            960      4.2397633
            959      4.1906548
            958      4.1420439
            957      4.0950610
            956      4.0491359
            955      4.0042407
            954      3.9598564
            953      3.9170245
            952      3.8742619
            951      3.8338519
            950      3.7944300
            949      3.7557709
            948      3.7173856
            947      3.6807133
            946      3.6449342
            945      3.6088107
            944      3.5739172
            943      3.5403850
            942      3.5064246
            941      3.4731959
            940      3.4409069
            939      3.4092816
            938      3.3783986
            937      3.3476800
            936      3.3173064
            935      3.2882215
            934      3.2592833
            933      3.2301523
            932      3.2020974
            931      3.1749338
            930      3.1485318
            929      3.1220889
            928      3.0961648
            927      3.0706706
            926      3.0457443
            925      3.0206082
            924      2.9963346
            923      2.9725356
            922      2.9488520
            921      2.9253690
            920      2.9028765
            919      2.8800946
            918      2.8580010
            917      2.8362950
            916      2.8150545
            915      2.7938244
            914      2.7728861
            913      2.7522370
            912      2.7325516
            911      2.7123278
            910      2.6922392
            909      2.6725959
            908      2.6532969
            907      2.6343809
            906      2.6154316
            905      2.5968097
            904      2.5785788
            903      2.5607192
            902      2.5429636
            901      2.5255098
            900      2.5083819
            899      2.4914737
            898      2.4746795
            897      2.4579948
            896      2.4414602
            895      2.4252387
            894      2.4092513
            893      2.3932840
            892      2.3773141
            891      2.3616240
            890      2.3463076
            889      2.3308471
            888      2.3158039
            887      2.3010443
            886      2.2865080
            885      2.2719137
            884      2.2575027
            883      2.2435066
            882      2.2297281
            881      2.2160030
            880      2.2021457
            879      2.1884729
            878      2.1750336
            877      2.1617027
            876      2.1487362
            875      2.1354562
            874      2.1225006
            873      2.1098679
            872      2.0971072
            871      2.0844181
            870      2.0718872
            869      2.0596989
            868      2.0474648
            867      2.0354940
            866      2.0236938
            865      2.0120911
            864      2.0004953
            863      1.9890211
            862      1.9775645
            861      1.9663756
            860      1.9553475
            859      1.9442948
            858      1.9331481
            857      1.9223175
            856      1.9117000
            855      1.9010339
            854      1.8904069
            853      1.8797766
            852      1.8694422
            851      1.8591181
            850      1.8488801
            849      1.8388671
            848      1.8289674
            847      1.8190851
            846      1.8092700
            845      1.7993682
            844      1.7896223
            843      1.7800642
            842      1.7708304
            841      1.7613709
            840      1.7519632
            839      1.7427307
            838      1.7333970
            837      1.7242337
            836      1.7152188
            835      1.7061618
            834      1.6971563
            833      1.6882546
            832      1.6795445
            831      1.6709892
            830      1.6623563
            829      1.6538241
            828      1.6454679
            827      1.6372548
            826      1.6287419
            825      1.6206301
            824      1.6125051
            823      1.6044570
            822      1.5963539
            821      1.5884688
            820      1.5806865
            819      1.5727423
            818      1.5649220
            817      1.5573096
            816      1.5497320
            815      1.5421515
            814      1.5345333
            813      1.5270202
            812      1.5196009
            811      1.5122939
            810      1.5049746
            809      1.4976489
            808      1.4903674
            807      1.4832221
            806      1.4761596
            805      1.4692561
            804      1.4624141
            803      1.4555136
            802      1.4486290
            801      1.4417554
            800      1.4350457
            799      1.4283114
            798      1.4214667
            797      1.4149238
            796      1.4082548
            795      1.4016655
            794      1.3951920
            793      1.3887080
            792      1.3823647
            791      1.3759609
            790      1.3696580
            789      1.3633586
            788      1.3571365
            787      1.3509130
            786      1.3448835
            785      1.3388551
            784      1.3329032
            783      1.3269467
            782      1.3211053
            781      1.3152826
            780      1.3093575
            779      1.3035379
            778      1.2978456
            777      1.2921060
            776      1.2865125
            775      1.2808762
            774      1.2751856
            773      1.2696743
            772      1.2642340
            771      1.2587529
            770      1.2532413
            769      1.2477735
            768      1.2423070
            767      1.2369223
            766      1.2316360
            765      1.2263424
            764      1.2211501
            763      1.2159864
            762      1.2108507
            761      1.2057854
            760      1.2007451
            759      1.1956920
            758      1.1906020
            757      1.1856324
            756      1.1807444
            755      1.1758700
            754      1.1710529
            753      1.1662526
            752      1.1613528
            751      1.1565933
            750      1.1518695
            749      1.1471383
            748      1.1424937
            747      1.1378670
            746      1.1332058
            745      1.1286012
            744      1.1240327
            743      1.1195205
            742      1.1150206
            741      1.1105453
            740      1.1061017
            739      1.1017209
            738      1.0974070
            737      1.0930302
            736      1.0887548
            735      1.0843810
            734      1.0801298
            733      1.0758564
            732      1.0716565
            731      1.0675420
            730      1.0633810
            729      1.0592112
            728      1.0551183
            727      1.0509982
            726      1.0469432
            725      1.0429345
            724      1.0389960
            723      1.0350524
            722      1.0310711
            721      1.0271432
            720      1.0232470
            719      1.0193510
            718      1.0154358
            717      1.0115680
            716      1.0077750
            715      1.0039698
            714      1.0001011
            713     0.99637855
            712     0.99265591
            711     0.98900870
            710     0.98529798
            709     0.98164998
            708     0.97802115
            707     0.97444300
            706     0.97086357
            705     0.96727316
            704     0.96379564
            703     0.96024195
            702     0.95673930
            701     0.95324132
            700     0.94973319
            699     0.94623779
            698     0.94285164
            697     0.93944162
            696     0.93599856
            695     0.93262186
            694     0.92924277
            693     0.92585168
            692     0.92252606
            691     0.91922244
            690     0.91593720
            689     0.91272708
            688     0.90947779
            687     0.90623410
            686     0.90309181
            685     0.89991998
            684     0.89677442
            683     0.89359471
            682     0.89041146
            681     0.88727889
            680     0.88409937
            679     0.88099443
            678     0.87795999
            677     0.87486230
            676     0.87182233
            675     0.86876965
            674     0.86570893
            673     0.86267693
            672     0.85970302
            671     0.85674781
            670     0.85384156
            669     0.85094552
            668     0.84799691
            667     0.84509910
            666     0.84218704
            665     0.83924930
            664     0.83638765
            663     0.83352258
            662     0.83072144
            661     0.82790871
            660     0.82505862
            659     0.82227013
            658     0.81950545
            657     0.81672505
            656     0.81396176
            655     0.81115247
            654     0.80838982
            653     0.80565254
            652     0.80293749
            651     0.80019842
            650     0.79752317
            649     0.79484532
            648     0.79218733
            647     0.78949799
            646     0.78686549
            645     0.78429330
            644     0.78165801
            643     0.77908368
            642     0.77644977
            641     0.77390803
            640     0.77134417
            639     0.76880544
            638     0.76624969
            637     0.76371035
            636     0.76113077
            635     0.75863597
            634     0.75613875
            633     0.75370009
            632     0.75123333
            631     0.74874049
            630     0.74627400
            629     0.74383666
            628     0.74141881
            627     0.73898309
            626     0.73654842
            625     0.73412255
            624     0.73173690
            623     0.72935963
            622     0.72693877
            621     0.72456951
            620     0.72217182
            619     0.71980919
            618     0.71744472
            617     0.71513993
            616     0.71281186
            615     0.71050304
            614     0.70818478
            613     0.70585936
            612     0.70359258
            611     0.70128649
            610     0.69901319
            609     0.69674909
            608     0.69445252
            607     0.69222020
            606     0.69000434
            605     0.68778015
            604     0.68554942
            603     0.68335218
            602     0.68114450
            601     0.67894042
            600     0.67681220
            599     0.67458917
            598     0.67240764
            597     0.67019457
            596     0.66803221
            595     0.66585819
            594     0.66370126
            593     0.66157116
            592     0.65943962
            591     0.65733905
            590     0.65524483
            589     0.65313998
            588     0.65102612
            587     0.64892058
            586     0.64681276
            585     0.64472017
            584     0.64267955
            583     0.64065726
            582     0.63857984
            581     0.63656076
            580     0.63452221
            579     0.63250784
            578     0.63046115
            577     0.62843606
            576     0.62645686
            575     0.62444749
            574     0.62242856
            573     0.62046750
            572     0.61848880
            571     0.61649865
            570     0.61453298
            569     0.61256093
            568     0.61059448
            567     0.60867138
            566     0.60674836
            565     0.60486275
            564     0.60295837
            563     0.60102554
            562     0.59909334
            561     0.59718806
            560     0.59529703
            559     0.59339732
            558     0.59152069
            557     0.58964943
            556     0.58776285
            555     0.58588212
            554     0.58404546
            553     0.58217678
            552     0.58032021
            551     0.57844915
            550     0.57659433
            549     0.57475782
            548     0.57292615
            547     0.57108770
            546     0.56929836
            545     0.56750600
            544     0.56569938
            543     0.56393357
            542     0.56214081
            541     0.56036387
            540     0.55860747
            539     0.55681253
            538     0.55502363
            537     0.55324857
            536     0.55152795
            535     0.54976701
            534     0.54800739
            533     0.54624324
            532     0.54452515
            531     0.54279169
            530     0.54107714
            529     0.53935319
            528     0.53760455
            527     0.53586335
            526     0.53416643
            525     0.53249946
            524     0.53074997
            523     0.52906123
            522     0.52737805
            521     0.52571563
            520     0.52407394
            519     0.52238280
            518     0.52072465
            517     0.51905461
            516     0.51739370
            515     0.51573198
            514     0.51410576
            513     0.51245555
            512     0.51080589
            511     0.50917820
            510     0.50756015
            509     0.50593296
            508     0.50429885
            507     0.50270277
            506     0.50106446
            505     0.49942773
            504     0.49782046
            503     0.49625319
            502     0.49464064
            501     0.49306982
            500     0.49145515
            499     0.48988599
            498     0.48831497
            497     0.48673772
            496     0.48517209
            495     0.48362978
            494     0.48204556
            493     0.48050668
            492     0.47895774
            491     0.47741375
            490     0.47588580
            489     0.47432163
            488     0.47278474
            487     0.47126161
            486     0.46972351
            485     0.46817755
            484     0.46667212
            483     0.46515313
            482     0.46364660
            481     0.46214292
            480     0.46064639
            479     0.45914353
            478     0.45764429
            477     0.45614963
            476     0.45465155
            475     0.45318093
            474     0.45169194
            473     0.45023712
            472     0.44875962
            471     0.44730837
            470     0.44583603
            469     0.44439580
            468     0.44295555
            467     0.44150784
            466     0.44006100
            465     0.43860805
            464     0.43716630
            463     0.43573131
            462     0.43429031
            461     0.43284327
            460     0.43139205
            459     0.42996236
            458     0.42853852
            457     0.42714626
            456     0.42574442
            455     0.42432106
            454     0.42292466
            453     0.42150858
            452     0.42010798
            451     0.41873506
            450     0.41732323
            449     0.41592305
            448     0.41454228
            447     0.41313580
            446     0.41176074
            445     0.41038826
            444     0.40902569
            443     0.40765673
            442     0.40631452
            441     0.40495848
            440     0.40360257
            439     0.40224784
            438     0.40090170
            437     0.39955944
            436     0.39822996
            435     0.39686377
            434     0.39552081
            433     0.39419456
            432     0.39287063
            431     0.39153624
            430     0.39020500
            429     0.38888713
            428     0.38755565
            427     0.38624323
            426     0.38494540
            425     0.38363669
            424     0.38231985
            423     0.38101765
            422     0.37970424
            421     0.37837947
            420     0.37708568
            419     0.37577232
            418     0.37448215
            417     0.37319530
            416     0.37189653
            415     0.37062789
            414     0.36937109
            413     0.36809343
            412     0.36680543
            411     0.36554927
            410     0.36427356
            409     0.36301117
            408     0.36176565
            407     0.36051220
            406     0.35925866
            405     0.35801644
            404     0.35677169
            403     0.35552126
            402     0.35426038
            401     0.35303611
            400     0.35178685
            399     0.35053967
            398     0.34933468
            397     0.34810476
            396     0.34689339
            395     0.34564646
            394     0.34442036
            393     0.34320199
            392     0.34196378
            391     0.34074482
            390     0.33955362
            389     0.33833791
            388     0.33712470
            387     0.33591122
            386     0.33472828
            385     0.33353135
            384     0.33233527
            383     0.33115124
            382     0.32997415
            381     0.32880117
            380     0.32761077
            379     0.32643782
            378     0.32526894
            377     0.32408851
            376     0.32291854
            375     0.32176050
            374     0.32058980
            373     0.31940747
            372     0.31823966
            371     0.31709883
            370     0.31592928
            369     0.31475910
            368     0.31361160
            367     0.31247272
            366     0.31132790
            365     0.31017866
            364     0.30903431
            363     0.30788063
            362     0.30674798
            361     0.30561084
            360     0.30447082
            359     0.30335599
            358     0.30222024
            357     0.30107639
            356     0.29994999
            355     0.29882881
            354     0.29771294
            353     0.29657769
            352     0.29545962
            351     0.29434706
            350     0.29320833
            349     0.29209712
            348     0.29097859
            347     0.28983964
            346     0.28875738
            345     0.28765403
            344     0.28653352
            343     0.28545087
            342     0.28436833
            341     0.28327626
            340     0.28219646
            339     0.28110060
            338     0.27998805
            337     0.27891118
            336     0.27782267
            335     0.27676337
            334     0.27570708
            333     0.27462656
            332     0.27356733
            331     0.27248589
            330     0.27143008
            329     0.27036311
            328     0.26929511
            327     0.26823131
            326     0.26716389
            325     0.26608938
            324     0.26502173
            323     0.26398567
            322     0.26292950
            321     0.26188269
            320     0.26082943
            319     0.25978770
            318     0.25873567
            317     0.25769994
            316     0.25665769
            315     0.25560477
            314     0.25458663
            313     0.25354455
            312     0.25250264
            311     0.25148260
            310     0.25045847
            309     0.24942983
            308     0.24842680
            307     0.24740718
            306     0.24638113
            305     0.24538719
            304     0.24438082
            303     0.24335926
            302     0.24234743
            301     0.24134063
            300     0.24033412
            299     0.23934015
            298     0.23832083
            297     0.23731470
            296     0.23631807
            295     0.23533188
            294     0.23434854
            293     0.23334820
            292     0.23233920
            291     0.23133603
            290     0.23035152
            289     0.22936066
            288     0.22834861
            287     0.22736121
            286     0.22638277
            285     0.22540456
            284     0.22443598
            283     0.22344282
            282     0.22248384
            281     0.22150206
            280     0.22053521
            279     0.21957079
            278     0.21860888
            277     0.21764848
            276     0.21667467
            275     0.21570937
            274     0.21475479
            273     0.21377583
            272     0.21280597
            271     0.21183131
            270     0.21087007
            269     0.20992003
            268     0.20896984
            267     0.20799667
            266     0.20706546
            265     0.20610621
            264     0.20515620
            263     0.20422214
            262     0.20328159
            261     0.20235125
            260     0.20141026
            259     0.20046937
            258     0.19952539
            257     0.19857884
            256     0.19764603
            255     0.19672724
            254     0.19579293
            253     0.19487266
            252     0.19393312
            251     0.19300126
            250     0.19207249
            249     0.19114757
            248     0.19021471
            247     0.18928716
            246     0.18835931
            245     0.18744717
            244     0.18651836
            243     0.18559077
            242     0.18468068
            241     0.18377777
            240     0.18287689
            239     0.18196853
            238     0.18105848
            237     0.18014574
            236     0.17923370
            235     0.17833485
            234     0.17744305
            233     0.17655317
            232     0.17564662
            231     0.17475756
            230     0.17386473
            229     0.17296579
            228     0.17209275
            227     0.17118890
            226     0.17029148
            225     0.16940530
            224     0.16853583
            223     0.16766593
            222     0.16677419
            221     0.16588941
            220     0.16500794
            219     0.16413647
            218     0.16326763
            217     0.16239631
            216     0.16153731
            215     0.16064751
            214     0.15977985
            213     0.15891144
            212     0.15804214
            211     0.15716410
            210     0.15631002
            209     0.15545027
            208     0.15457715
            207     0.15371389
            206     0.15286549
            205     0.15202026
            204     0.15116797
            203     0.15030786
            202     0.14942704
            201     0.14858481
            200     0.14773988
            199     0.14689299
            198     0.14603747
            197     0.14518682
            196     0.14432145
            195     0.14347888
            194     0.14264274
            193     0.14179734
            192     0.14095966
            191     0.14011157
            190     0.13928216
            189     0.13846364
            188     0.13762639
            187     0.13679480
            186     0.13596936
            185     0.13512901
            184     0.13429965
            183     0.13347301
            182     0.13263916
            181     0.13179479
            180     0.13095886
            179     0.13013413
            178     0.12930302
            177     0.12847879
            176     0.12766404
            175     0.12684701
            174     0.12602638
            173     0.12519994
            172     0.12438512
            171     0.12356002
            170     0.12274393
            169     0.12192561
            168     0.12111673
            167     0.12030208
            166     0.11950205
            165     0.11869251
            164     0.11787539
            163     0.11706975
            162     0.11626396
            161     0.11547000
            160     0.11467818
            159     0.11387864
            158     0.11308061
            157     0.11228541
            156     0.11148930
            155     0.11068753
            154     0.10990715
            153     0.10910391
            152     0.10831912
            151     0.10753034
            150     0.10674761
            149     0.10597437
            148     0.10519549
            147     0.10440011
            146     0.10361186
            145     0.10282390
            144     0.10203793
            143     0.10126715
            142     0.10049093
            141    0.099703140
            140    0.098930665
            139    0.098163842
            138    0.097375239
            137    0.096609621
            136    0.095851784
            135    0.095082713
            134    0.094321980
            133    0.093552174
            132    0.092791482
            131    0.092020170
            130    0.091267619
            129    0.090499871
            128    0.089732563
            127    0.088967059
            126    0.088206998
            125    0.087434598
            124    0.086674042
            123    0.085913203
            122    0.085165544
            121    0.084404753
            120    0.083669203
            119    0.082908783
            118    0.082167987
            117    0.081413308
            116    0.080647722
            115    0.079895310
            114    0.079144197
            113    0.078414658
            112    0.077671256
            111    0.076923739
            110    0.076177054
            109    0.075432514
            108    0.074684978
            107    0.073955529
            106    0.073221379
            105    0.072496306
            104    0.071753491
            103    0.071017157
            102    0.070275076
            101    0.069541116
            100    0.068812090
             99    0.068083201
             98    0.067343423
             97    0.066616600
             96    0.065892202
             95    0.065165552
             94    0.064447194
             93    0.063722921
             92    0.063004631
             91    0.062276262
             90    0.061554408
             89    0.060823095
             88    0.060101907
             87    0.059370976
             86    0.058654949
             85    0.057936490
             84    0.057218804
             83    0.056490903
             82    0.055779083
             81    0.055067752
             80    0.054345102
             79    0.053631038
             78    0.052919287
             77    0.052202014
             76    0.051492108
             75    0.050769039
             74    0.050049269
             73    0.049343547
             72    0.048639374
             71    0.047932065
             70    0.047231266
             69    0.046522348
             68    0.045815447
             67    0.045108983
             66    0.044403637
             65    0.043701335
             64    0.042992917
             63    0.042301431
             62    0.041602796
             61    0.040917283
             60    0.040218673
             59    0.039517465
             58    0.038822606
             57    0.038124411
             56    0.037421101
             55    0.036734021
             54    0.036041089
             53    0.035354604
             52    0.034665411
             51    0.033964403
             50    0.033271546
             49    0.032587057
             48    0.031907410
             47    0.031225634
             46    0.030524206
             45    0.029846394
             44    0.029169745
             43    0.028496354
             42    0.027828861
             41    0.027154911
             40    0.026474211
             39    0.025803738
             38    0.025115997
             37    0.024435741
             36    0.023768790
             35    0.023099489
             34    0.022446725
             33    0.021774041
             32    0.021105496
             31    0.020435333
             30    0.019767476
             29    0.019103105
             28    0.018432936
             27    0.017761553
             26    0.017082272
             25    0.016415926
             24    0.015745128
             23    0.015091109
             22    0.014421969
             21    0.013753818
             20    0.013090797
             19    0.012429691
             18    0.011756831
             17    0.011112167
             16    0.010453576
             15   0.0098101785
             14   0.0091546516
             13   0.0084923992
             12   0.0078315399
             11   0.0071753489
             10   0.0065278891
              9   0.0058632294
              8   0.0052136167
              7   0.0045500178
              6   0.0038863539
              5   0.0032295397
              4   0.0025726127
              3   0.0019284353
              2   0.0012755155
              1  0.00063591323
