           1000      9.6855327
            999      8.2553750
            998      7.5261285
            997      7.0478639
            996      6.6975616
            995      6.4146592
            994      6.1651303
            993      5.9678793
            992      5.7986066
            991      5.6419362
            990      5.5028422
            989      5.3806079
            988      5.2651285
            987      5.1582107
            986      5.0538238
            985      4.9614292
            984      4.8732002
            983      4.7933214
            982      4.7208998
            981      4.6495457
            980      4.5795158
            979      4.5119087
            978      4.4454290
            977      4.3840430
            976      4.3297652
            975      4.2749023
            974      4.2226004
            973      4.1719794
            972      4.1248136
            971      4.0744843
            970      4.0282414
            969      3.9854057
            968      3.9418499
            967      3.9019716
            966      3.8630280
            965      3.8234445
            964      3.7867943
            963      3.7491964
            962      3.7131136
            961      3.6784466
            960      3.6431430
            959      3.6100467
            958      3.5775039
            957      3.5448312
            956      3.5150815
            955      3.4839058
            954      3.4551501
            953      3.4279514
            952      3.3983549
            951      3.3723668
            950      3.3456298
            949      3.3193361
            948      3.2937446
            947      3.2681499
            946      3.2436086
            945      3.2176297
            944      3.1942007
            943      3.1703068
            942      3.1474824
            941      3.1239478
            940      3.1027616
            939      3.0817537
            938      3.0595636
            937      3.0369500
            936      3.0161254
            935      2.9950095
            934      2.9744941
            933      2.9551857
            932      2.9353212
            931      2.9160141
            930      2.8962125
            929      2.8774318
            928      2.8584858
            927      2.8403175
            926      2.8228308
            925      2.8060905
            924      2.7881919
            923      2.7707781
            922      2.7530711
            921      2.7356441
            920      2.7197839
            919      2.7026738
            918      2.6868193
            917      2.6715258
            916      2.6558376
            915      2.6391065
            914      2.6233748
            913      2.6084522
            912      2.5936976
            911      2.5790192
            910      2.5643029
            909      2.5500774
            908      2.5356854
            907      2.5207891
            906      2.5066692
            905      2.4936347
            904      2.4800705
            903      2.4669165
            902      2.4537456
            901      2.4401223
            900      2.4267607
            899      2.4143558
            898      2.4019388
            897      2.3889247
            896      2.3764790
            895      2.3635790
            894      2.3512884
            893      2.3393488
            892      2.3272311
            891      2.3158833
            890      2.3044648
            889      2.2937252
            888      2.2824644
            887      2.2721335
            886      2.2605904
            885      2.2491815
            884      2.2384472
            883      2.2278233
            882      2.2163355
            881      2.2058173
            880      2.1953744
            879      2.1847819
            878      2.1738252
            877      2.1637695
            876      2.1533501
            875      2.1434315
            874      2.1338505
            873      2.1239470
            872      2.1141038
            871      2.1040256
            870      2.0944660
            869      2.0846590
            868      2.0753653
            867      2.0662326
            866      2.0566447
            865      2.0471507
            864      2.0381433
            863      2.0290817
            862      2.0196201
            861      2.0105991
            860      2.0019217
            859      1.9933651
            858      1.9843633
            857      1.9753625
            856      1.9670731
            855      1.9588135
            854      1.9502373
            853      1.9417418
            852      1.9337376
            851      1.9250897
            850      1.9163935
            849      1.9083295
            848      1.9003333
            847      1.8922397
            846      1.8845703
            845      1.8763832
            844      1.8687151
            843      1.8605752
            842      1.8528205
            841      1.8452043
            840      1.8379188
            839      1.8302932
            838      1.8230045
            837      1.8156635
            836      1.8083160
            835      1.8006183
            834      1.7933789
            833      1.7858670
            832      1.7787747
            831      1.7713768
            830      1.7642372
            829      1.7569336
            828      1.7499766
            827      1.7431652
            826      1.7362693
            825      1.7294030
            824      1.7226093
            823      1.7157142
            822      1.7088101
            821      1.7023894
            820      1.6955900
            819      1.6887697
            818      1.6819170
            817      1.6750362
            816      1.6686620
            815      1.6619660
            814      1.6553622
            813      1.6490882
            812      1.6425439
            811      1.6364312
            810      1.6304296
            809      1.6242386
            808      1.6184739
            807      1.6122872
            806      1.6060632
            805      1.6003762
            804      1.5940713
            803      1.5879541
            802      1.5819723
            801      1.5760087
            800      1.5699890
            799      1.5641062
            798      1.5581555
            797      1.5523979
            796      1.5466042
            795      1.5407393
            794      1.5350710
            793      1.5294897
            792      1.5235565
            791      1.5178249
            790      1.5120291
            789      1.5062448
            788      1.5002889
            787      1.4943847
            786      1.4888399
            785      1.4833335
            784      1.4781475
            783      1.4728012
            782      1.4673577
            781      1.4616548
            780      1.4564379
            779      1.4512442
            778      1.4459925
            777      1.4409778
            776      1.4357060
            775      1.4306549
            774      1.4255958
            773      1.4206290
            772      1.4155575
            771      1.4106003
            770      1.4053845
            769      1.4005720
            768      1.3957261
            767      1.3907176
            766      1.3857090
            765      1.3808422
            764      1.3761158
            763      1.3713848
            762      1.3666287
            761      1.3616931
            760      1.3567292
            759      1.3519831
            758      1.3472007
            757      1.3424532
            756      1.3379513
            755      1.3337007
            754      1.3290225
            753      1.3244053
            752      1.3198758
            751      1.3150943
            750      1.3103265
            749      1.3058666
            748      1.3014906
            747      1.2969691
            746      1.2923316
            745      1.2879593
            744      1.2832968
            743      1.2788521
            742      1.2743360
            741      1.2701992
            740      1.2658048
            739      1.2615750
            738      1.2575021
            737      1.2532324
            736      1.2489292
            735      1.2447693
            734      1.2407447
            733      1.2366571
            732      1.2327477
            731      1.2286487
            730      1.2245031
            729      1.2204163
            728      1.2162991
            727      1.2120708
            726      1.2082001
            725      1.2041085
            724      1.2001152
            723      1.1959862
            722      1.1919829
            721      1.1881141
            720      1.1840432
            719      1.1801051
            718      1.1760220
            717      1.1720690
            716      1.1682870
            715      1.1644531
            714      1.1604455
            713      1.1566613
            712      1.1528421
            711      1.1489635
            710      1.1452449
            709      1.1416127
            708      1.1378758
            707      1.1341212
            706      1.1304795
            705      1.1268615
            704      1.1232226
            703      1.1194004
            702      1.1157992
            701      1.1119912
            700      1.1083683
            699      1.1047030
            698      1.1013103
            697      1.0977167
            696      1.0942820
            695      1.0907823
            694      1.0873638
            693      1.0837950
            692      1.0801278
            691      1.0767296
            690      1.0732837
            689      1.0697576
            688      1.0663199
            687      1.0627971
            686      1.0593093
            685      1.0559254
            684      1.0526157
            683      1.0492927
            682      1.0459528
            681      1.0427570
            680      1.0395390
            679      1.0360080
            678      1.0328846
            677      1.0296578
            676      1.0263372
            675      1.0232452
            674      1.0199852
            673      1.0168309
            672      1.0137222
            671      1.0105564
            670      1.0073547
            669      1.0042011
            668      1.0010956
            667     0.99803355
            666     0.99498476
            665     0.99179700
            664     0.98863202
            663     0.98537420
            662     0.98228906
            661     0.97927756
            660     0.97626243
            659     0.97329695
            658     0.97032807
            657     0.96731563
            656     0.96426523
            655     0.96131395
            654     0.95827116
            653     0.95539430
            652     0.95235847
            651     0.94947214
            650     0.94650644
            649     0.94363771
            648     0.94062495
            647     0.93776711
            646     0.93498733
            645     0.93210429
            644     0.92913391
            643     0.92621753
            642     0.92354293
            641     0.92068240
            640     0.91788070
            639     0.91509890
            638     0.91248457
            637     0.90965659
            636     0.90694969
            635     0.90436196
            634     0.90161958
            633     0.89888295
            632     0.89616821
            631     0.89341911
            630     0.89068236
            629     0.88800316
            628     0.88533840
            627     0.88255011
            626     0.87986489
            625     0.87710273
            624     0.87433261
            623     0.87153701
            622     0.86896425
            621     0.86640292
            620     0.86368942
            619     0.86107769
            618     0.85841811
            617     0.85572383
            616     0.85314308
            615     0.85051179
            614     0.84789026
            613     0.84524754
            612     0.84266820
            611     0.84010424
            610     0.83746484
            609     0.83493698
            608     0.83235580
            607     0.82965220
            606     0.82712643
            605     0.82463398
            604     0.82212580
            603     0.81975634
            602     0.81721151
            601     0.81474723
            600     0.81231706
            599     0.80992181
            598     0.80739561
            597     0.80501467
            596     0.80254923
            595     0.80011055
            594     0.79774004
            593     0.79539906
            592     0.79279406
            591     0.79033901
            590     0.78795260
            589     0.78544557
            588     0.78299899
            587     0.78054448
            586     0.77817663
            585     0.77575531
            584     0.77332676
            583     0.77103215
            582     0.76872944
            581     0.76654788
            580     0.76417990
            579     0.76185422
            578     0.75943302
            577     0.75716509
            576     0.75485343
            575     0.75256765
            574     0.75029658
            573     0.74806066
            572     0.74584903
            571     0.74362919
            570     0.74136514
            569     0.73915502
            568     0.73693593
            567     0.73464526
            566     0.73240833
            565     0.73015195
            564     0.72792433
            563     0.72568936
            562     0.72335686
            561     0.72111924
            560     0.71886669
            559     0.71675984
            558     0.71462144
            557     0.71244532
            556     0.71026335
            555     0.70807718
            554     0.70594386
            553     0.70387727
            552     0.70181766
            551     0.69968060
            550     0.69752341
            549     0.69541384
            548     0.69329500
            547     0.69122763
            546     0.68908037
            545     0.68696891
            544     0.68485706
            543     0.68268027
            542     0.68058327
            541     0.67862276
            540     0.67656342
            539     0.67460941
            538     0.67265922
            537     0.67058330
            536     0.66858323
            535     0.66648720
            534     0.66441044
            533     0.66247178
            532     0.66047132
            531     0.65849057
            530     0.65634620
            529     0.65432001
            528     0.65232306
            527     0.65043103
            526     0.64850153
            525     0.64652431
            524     0.64456691
            523     0.64266461
            522     0.64081101
            521     0.63873248
            520     0.63677433
            519     0.63477786
            518     0.63276908
            517     0.63076923
            516     0.62874356
            515     0.62685297
            514     0.62497528
            513     0.62295474
            512     0.62105060
            511     0.61917705
            510     0.61727354
            509     0.61539182
            508     0.61355653
            507     0.61171228
            506     0.60985275
            505     0.60807459
            504     0.60614712
            503     0.60433818
            502     0.60252616
            501     0.60061197
            500     0.59870090
            499     0.59680585
            498     0.59502988
            497     0.59312141
            496     0.59130556
            495     0.58938574
            494     0.58750472
            493     0.58567026
            492     0.58382551
            491     0.58209164
            490     0.58029678
            489     0.57850826
            488     0.57674207
            487     0.57487352
            486     0.57300912
            485     0.57112204
            484     0.56931676
            483     0.56762199
            482     0.56591317
            481     0.56416220
            480     0.56237588
            479     0.56059433
            478     0.55883421
            477     0.55724897
            476     0.55543379
            475     0.55359798
            474     0.55183182
            473     0.55012054
            472     0.54841012
            471     0.54670562
            470     0.54506062
            469     0.54333669
            468     0.54163893
            467     0.53990980
            466     0.53818986
            465     0.53656432
            464     0.53483199
            463     0.53304006
            462     0.53133596
            461     0.52959844
            460     0.52791184
            459     0.52628153
            458     0.52456268
            457     0.52291510
            456     0.52118318
            455     0.51948194
            454     0.51772768
            453     0.51598998
            452     0.51431897
            451     0.51264129
            450     0.51088167
            449     0.50926139
            448     0.50763358
            447     0.50602705
            446     0.50435230
            445     0.50281055
            444     0.50120209
            443     0.49966326
            442     0.49795300
            441     0.49647909
            440     0.49481093
            439     0.49314810
            438     0.49157332
            437     0.49001139
            436     0.48837994
            435     0.48675364
            434     0.48517323
            433     0.48354961
            432     0.48203711
            431     0.48035101
            430     0.47868589
            429     0.47707311
            428     0.47552817
            427     0.47395204
            426     0.47235048
            425     0.47083916
            424     0.46923022
            423     0.46764748
            422     0.46610759
            421     0.46449362
            420     0.46288130
            419     0.46143239
            418     0.45982920
            417     0.45834515
            416     0.45671284
            415     0.45515809
            414     0.45363764
            413     0.45209854
            412     0.45060552
            411     0.44909277
            410     0.44763202
            409     0.44614147
            408     0.44463650
            407     0.44306687
            406     0.44153045
            405     0.44008877
            404     0.43858876
            403     0.43718123
            402     0.43563190
            401     0.43407097
            400     0.43262839
            399     0.43117127
            398     0.42969005
            397     0.42824658
            396     0.42670907
            395     0.42524831
            394     0.42374770
            393     0.42226554
            392     0.42078882
            391     0.41927654
            390     0.41779876
            389     0.41629304
            388     0.41482374
            387     0.41334193
            386     0.41195528
            385     0.41035805
            384     0.40888393
            383     0.40754720
            382     0.40617386
            381     0.40477347
            380     0.40329061
            379     0.40194674
            378     0.40057892
            377     0.39917997
            376     0.39779885
            375     0.39637930
            374     0.39500080
            373     0.39364635
            372     0.39222388
            371     0.39083887
            370     0.38945251
            369     0.38799634
            368     0.38661222
            367     0.38520456
            366     0.38386118
            365     0.38246812
            364     0.38111181
            363     0.37968776
            362     0.37830614
            361     0.37699295
            360     0.37564576
            359     0.37432866
            358     0.37296534
            357     0.37156563
            356     0.37022166
            355     0.36883652
            354     0.36745562
            353     0.36610133
            352     0.36475268
            351     0.36338165
            350     0.36199424
            349     0.36067639
            348     0.35935198
            347     0.35807758
            346     0.35667402
            345     0.35530480
            344     0.35407156
            343     0.35268420
            342     0.35136191
            341     0.35001739
            340     0.34871735
            339     0.34736047
            338     0.34609653
            337     0.34476026
            336     0.34348411
            335     0.34220419
            334     0.34088806
            333     0.33958048
            332     0.33825046
            331     0.33685141
            330     0.33551340
            329     0.33428584
            328     0.33298771
            327     0.33164381
            326     0.33033358
            325     0.32895992
            324     0.32770722
            323     0.32638818
            322     0.32504670
            321     0.32371017
            320     0.32248332
            319     0.32122530
            318     0.31995296
            317     0.31869722
            316     0.31743772
            315     0.31608977
            314     0.31486310
            313     0.31364681
            312     0.31238122
            311     0.31109496
            310     0.30984708
            309     0.30855658
            308     0.30730213
            307     0.30605726
            306     0.30479822
            305     0.30361841
            304     0.30238542
            303     0.30116863
            302     0.29994540
            301     0.29869941
            300     0.29742624
            299     0.29624560
            298     0.29503157
            297     0.29370013
            296     0.29248853
            295     0.29125838
            294     0.28997043
            293     0.28869214
            292     0.28752569
            291     0.28640839
            290     0.28521110
            289     0.28401723
            288     0.28274264
            287     0.28154451
            286     0.28038248
            285     0.27921224
            284     0.27797001
            283     0.27677002
            282     0.27556696
            281     0.27432268
            280     0.27308922
            279     0.27190446
            278     0.27074252
            277     0.26962255
            276     0.26849370
            275     0.26738392
            274     0.26627358
            273     0.26510196
            272     0.26386804
            271     0.26260771
            270     0.26147967
            269     0.26030201
            268     0.25922396
            267     0.25806926
            266     0.25690845
            265     0.25575314
            264     0.25463436
            263     0.25340091
            262     0.25227830
            261     0.25111946
            260     0.24999677
            259     0.24885589
            258     0.24770927
            257     0.24655599
            256     0.24535907
            255     0.24421577
            254     0.24312973
            253     0.24202887
            252     0.24093679
            251     0.23987956
            250     0.23874599
            249     0.23761357
            248     0.23642153
            247     0.23530442
            246     0.23422876
            245     0.23313237
            244     0.23205595
            243     0.23087448
            242     0.22977348
            241     0.22868583
            240     0.22760036
            239     0.22644482
            238     0.22538279
            237     0.22425948
            236     0.22305889
            235     0.22194687
            234     0.22088479
            233     0.21968876
            232     0.21850470
            231     0.21740820
            230     0.21630337
            229     0.21519416
            228     0.21411640
            227     0.21305945
            226     0.21199585
            225     0.21086744
            224     0.20980167
            223     0.20866891
            222     0.20755139
            221     0.20644351
            220     0.20535551
            219     0.20422294
            218     0.20312714
            217     0.20210690
            216     0.20098247
            215     0.19989130
            214     0.19882200
            213     0.19772533
            212     0.19670754
            211     0.19571519
            210     0.19467298
            209     0.19360873
            208     0.19252777
            207     0.19144895
            206     0.19037524
            205     0.18927145
            204     0.18821342
            203     0.18713514
            202     0.18604396
            201     0.18496638
            200     0.18394120
            199     0.18286711
            198     0.18178426
            197     0.18069967
            196     0.17959819
            195     0.17854936
            194     0.17752109
            193     0.17646437
            192     0.17546047
            191     0.17441698
            190     0.17335067
            189     0.17234292
            188     0.17131700
            187     0.17028919
            186     0.16923077
            185     0.16824617
            184     0.16722736
            183     0.16624397
            182     0.16522519
            181     0.16423046
            180     0.16321032
            179     0.16213962
            178     0.16113982
            177     0.16019142
            176     0.15915255
            175     0.15818055
            174     0.15714275
            173     0.15611290
            172     0.15513906
            171     0.15410945
            170     0.15311812
            169     0.15217038
            168     0.15122878
            167     0.15015581
            166     0.14916012
            165     0.14816427
            164     0.14721178
            163     0.14617874
            162     0.14519319
            161     0.14416506
            160     0.14320831
            159     0.14219589
            158     0.14117210
            157     0.14013594
            156     0.13913788
            155     0.13815181
            154     0.13715617
            153     0.13618311
            152     0.13522240
            151     0.13424621
            150     0.13331151
            149     0.13234617
            148     0.13135547
            147     0.13041007
            146     0.12937148
            145     0.12838221
            144     0.12739745
            143     0.12644224
            142     0.12545924
            141     0.12447215
            140     0.12348421
            139     0.12252387
            138     0.12158316
            137     0.12062649
            136     0.11963659
            135     0.11865495
            134     0.11774483
            133     0.11681210
            132     0.11591075
            131     0.11498464
            130     0.11407131
            129     0.11313044
            128     0.11211078
            127     0.11114845
            126     0.11019189
            125     0.10926566
            124     0.10837674
            123     0.10742471
            122     0.10646956
            121     0.10555689
            120     0.10464336
            119     0.10365879
            118     0.10271674
            117     0.10179547
            116     0.10088002
            115    0.099957328
            114    0.099006828
            113    0.098079489
            112    0.097199648
            111    0.096295191
            110    0.095377886
            109    0.094483895
            108    0.093619250
            107    0.092735534
            106    0.091827544
            105    0.090943980
            104    0.090011504
            103    0.089126508
            102    0.088182744
            101    0.087271803
            100    0.086362495
             99    0.085447933
             98    0.084521999
             97    0.083608001
             96    0.082680324
             95    0.081742573
             94    0.080803152
             93    0.079882367
             92    0.079009322
             91    0.078113871
             90    0.077191115
             89    0.076347995
             88    0.075443204
             87    0.074520431
             86    0.073630180
             85    0.072755662
             84    0.071861459
             83    0.070976732
             82    0.070030561
             81    0.069139348
             80    0.068204793
             79    0.067294576
             78    0.066421901
             77    0.065528999
             76    0.064657324
             75    0.063771158
             74    0.062887564
             73    0.061995536
             72    0.061120141
             71    0.060210657
             70    0.059317702
             69    0.058421102
             68    0.057520970
             67    0.056610310
             66    0.055736688
             65    0.054882942
             64    0.054023820
             63    0.053203424
             62    0.052337848
             61    0.051458607
             60    0.050639188
             59    0.049806699
             58    0.048915641
             57    0.047992425
             56    0.047123191
             55    0.046245366
             54    0.045356330
             53    0.044450637
             52    0.043590729
             51    0.042719058
             50    0.041868696
             49    0.041045093
             48    0.040137055
             47    0.039291830
             46    0.038469540
             45    0.037654006
             44    0.036821370
             43    0.035984518
             42    0.035089067
             41    0.034235684
             40    0.033398198
             39    0.032523335
             38    0.031666482
             37    0.030803529
             36    0.029968439
             35    0.029130264
             34    0.028299008
             33    0.027396661
             32    0.026586370
             31    0.025706785
             30    0.024835624
             29    0.023939348
             28    0.023113781
             27    0.022312866
             26    0.021464900
             25    0.020631399
             24    0.019840822
             23    0.019017592
             22    0.018127992
             21    0.017288149
             20    0.016476833
             19    0.015657707
             18    0.014806721
             17    0.013983331
             16    0.013159269
             15    0.012349482
             14    0.011503838
             13    0.010662625
             12   0.0098458588
             11   0.0090315627
             10   0.0081818664
              9   0.0073861062
              8   0.0065612657
              7   0.0057479221
              6   0.0049292886
              5   0.0040858659
              4   0.0032804100
              3   0.0024525079
              2   0.0016516059
              1  0.00081786857
