            500      22.232786
            499      16.933009
            498      14.571599
            497      12.780834
            496      11.495368
            495      10.469949
            494      9.7409770
            493      9.0470141
            492      8.4355008
            491      7.9014347
            490      7.4644357
            489      7.0896308
            488      6.7929612
            487      6.5085943
            486      6.1739739
            485      5.8780727
            484      5.6392501
            483      5.4262644
            482      5.2088134
            481      5.0013767
            480      4.8148108
            479      4.6678323
            478      4.5151765
            477      4.3532845
            476      4.2307991
            475      4.1020100
            474      3.9689207
            473      3.8644833
            472      3.7673235
            471      3.6637329
            470      3.5816195
            469      3.4861884
            468      3.3901919
            467      3.2882089
            466      3.2048706
            465      3.1234036
            464      3.0444147
            463      2.9708275
            462      2.9088355
            461      2.8418835
            460      2.7812996
            459      2.7210043
            458      2.6760442
            457      2.6191859
            456      2.5621921
            455      2.5093179
            454      2.4608842
            453      2.4134581
            452      2.3656658
            451      2.3236800
            450      2.2800013
            449      2.2365932
            448      2.1958383
            447      2.1622622
            446      2.1183485
            445      2.0749466
            444      2.0303657
            443      1.9914595
            442      1.9556598
            441      1.9234795
            440      1.8932007
            439      1.8619038
            438      1.8293545
            437      1.8025067
            436      1.7772969
            435      1.7487147
            434      1.7207924
            433      1.6949331
            432      1.6717258
            431      1.6453818
            430      1.6255237
            429      1.5984722
            428      1.5753619
            427      1.5510918
            426      1.5281749
            425      1.5058061
            424      1.4846291
            423      1.4638667
            422      1.4424391
            421      1.4249567
            420      1.4080003
            419      1.3898950
            418      1.3755369
            417      1.3555552
            416      1.3384383
            415      1.3208702
            414      1.3028773
            413      1.2863058
            412      1.2707379
            411      1.2552127
            410      1.2390837
            409      1.2254738
            408      1.2121160
            407      1.1978612
            406      1.1843095
            405      1.1718781
            404      1.1601696
            403      1.1460248
            402      1.1332459
            401      1.1204006
            400      1.1067614
            399      1.0951254
            398      1.0828806
            397      1.0715543
            396      1.0604459
            395      1.0515429
            394      1.0407213
            393      1.0287817
            392      1.0171885
            391      1.0090627
            390     0.99928336
            389     0.99028013
            388     0.98004777
            387     0.96993534
            386     0.96237588
            385     0.95389551
            384     0.94482449
            383     0.93654346
            382     0.92751512
            381     0.92060386
            380     0.91208569
            379     0.90418284
            378     0.89747724
            377     0.88986219
            376     0.88236022
            375     0.87454906
            374     0.86700472
            373     0.86042057
            372     0.85349029
            371     0.84668230
            370     0.83905201
            369     0.83272752
            368     0.82677397
            367     0.81899120
            366     0.81306848
            365     0.80684172
            364     0.80011502
            363     0.79420353
            362     0.78670777
            361     0.78059926
            360     0.77412300
            359     0.76873806
            358     0.76309660
            357     0.75775118
            356     0.75176356
            355     0.74675603
            354     0.74161253
            353     0.73655033
            352     0.73078910
            351     0.72587569
            350     0.72112602
            349     0.71548374
            348     0.71042248
            347     0.70587697
            346     0.70056281
            345     0.69523758
            344     0.69117351
            343     0.68648227
            342     0.68199875
            341     0.67679323
            340     0.67152957
            339     0.66663147
            338     0.66203353
            337     0.65814774
            336     0.65291833
            335     0.64775396
            334     0.64314780
            333     0.63893532
            332     0.63463519
            331     0.62922751
            330     0.62463453
            329     0.62004665
            328     0.61602076
            327     0.61178131
            326     0.60756796
            325     0.60333409
            324     0.59900388
            323     0.59498034
            322     0.59080380
            321     0.58726979
            320     0.58321533
            319     0.57894576
            318     0.57465037
            317     0.57098426
            316     0.56790374
            315     0.56421810
            314     0.56078331
            313     0.55684138
            312     0.55313969
            311     0.54962014
            310     0.54567752
            309     0.54210646
            308     0.53878831
            307     0.53554527
            306     0.53208578
            305     0.52848350
            304     0.52508217
            303     0.52190968
            302     0.51818874
            301     0.51469233
            300     0.51153193
            299     0.50838279
            298     0.50545579
            297     0.50230733
            296     0.49932577
            295     0.49683123
            294     0.49376981
            293     0.49074320
            292     0.48741927
            291     0.48451255
            290     0.48188821
            289     0.47894375
            288     0.47588161
            287     0.47299278
            286     0.47019445
            285     0.46729909
            284     0.46429536
            283     0.46160985
            282     0.45859217
            281     0.45591849
            280     0.45321369
            279     0.45019017
            278     0.44721640
            277     0.44424058
            276     0.44133227
            275     0.43841903
            274     0.43542589
            273     0.43224304
            272     0.42919731
            271     0.42639734
            270     0.42401550
            269     0.42184407
            268     0.41883406
            267     0.41624876
            266     0.41343007
            265     0.41047399
            264     0.40776605
            263     0.40506622
            262     0.40235567
            261     0.39974879
            260     0.39670727
            259     0.39434987
            258     0.39198424
            257     0.38969103
            256     0.38727205
            255     0.38514277
            254     0.38272567
            253     0.38001788
            252     0.37760883
            251     0.37526835
            250     0.37265234
            249     0.37049731
            248     0.36795084
            247     0.36549429
            246     0.36278841
            245     0.36042268
            244     0.35824124
            243     0.35562250
            242     0.35318822
            241     0.35095573
            240     0.34828288
            239     0.34621083
            238     0.34426423
            237     0.34219766
            236     0.33970211
            235     0.33751428
            234     0.33514096
            233     0.33271368
            232     0.33036169
            231     0.32836766
            230     0.32647516
            229     0.32464756
            228     0.32254577
            227     0.32039836
            226     0.31803027
            225     0.31566933
            224     0.31375410
            223     0.31161920
            222     0.30975342
            221     0.30751418
            220     0.30558503
            219     0.30359311
            218     0.30161070
            217     0.29966895
            216     0.29767546
            215     0.29556968
            214     0.29354694
            213     0.29191754
            212     0.29023734
            211     0.28824260
            210     0.28638535
            209     0.28426433
            208     0.28227136
            207     0.28044078
            206     0.27847509
            205     0.27651962
            204     0.27463067
            203     0.27238974
            202     0.27036651
            201     0.26861959
            200     0.26681967
            199     0.26498354
            198     0.26319822
            197     0.26142909
            196     0.25949930
            195     0.25751275
            194     0.25585984
            193     0.25375730
            192     0.25204792
            191     0.25022889
            190     0.24860156
            189     0.24703808
            188     0.24544256
            187     0.24378699
            186     0.24194366
            185     0.24055387
            184     0.23854899
            183     0.23688706
            182     0.23515763
            181     0.23317773
            180     0.23146036
            179     0.22980869
            178     0.22817776
            177     0.22646858
            176     0.22485298
            175     0.22298435
            174     0.22139270
            173     0.21990127
            172     0.21832286
            171     0.21685714
            170     0.21497954
            169     0.21348058
            168     0.21209274
            167     0.21054269
            166     0.20902450
            165     0.20723621
            164     0.20530202
            163     0.20382878
            162     0.20243544
            161     0.20087347
            160     0.19953484
            159     0.19810209
            158     0.19644139
            157     0.19473454
            156     0.19284109
            155     0.19147860
            154     0.18979783
            153     0.18822072
            152     0.18627410
            151     0.18450462
            150     0.18319910
            149     0.18160519
            148     0.18015743
            147     0.17865633
            146     0.17717511
            145     0.17557021
            144     0.17410804
            143     0.17280593
            142     0.17126480
            141     0.16981675
            140     0.16852192
            139     0.16733705
            138     0.16564457
            137     0.16398973
            136     0.16251788
            135     0.16095381
            134     0.15948730
            133     0.15806613
            132     0.15653440
            131     0.15503773
            130     0.15357618
            129     0.15206255
            128     0.15066840
            127     0.14934479
            126     0.14800002
            125     0.14663285
            124     0.14525124
            123     0.14392526
            122     0.14260284
            121     0.14123482
            120     0.13977979
            119     0.13841280
            118     0.13682354
            117     0.13549895
            116     0.13410934
            115     0.13273795
            114     0.13145672
            113     0.13030325
            112     0.12902756
            111     0.12757344
            110     0.12620894
            109     0.12493444
            108     0.12353415
            107     0.12196108
            106     0.12041131
            105     0.11928643
            104     0.11802255
            103     0.11686555
            102     0.11571476
            101     0.11439647
            100     0.11322254
             99     0.11189442
             98     0.11054146
             97     0.10928704
             96     0.10819418
             95     0.10716391
             94     0.10599596
             93     0.10449885
             92     0.10321054
             91     0.10176775
             90     0.10049601
             89    0.099410197
             88    0.098164421
             87    0.096844215
             86    0.095721791
             85    0.094496654
             84    0.093375623
             83    0.092049295
             82    0.090739010
             81    0.089443762
             80    0.088252627
             79    0.087069281
             78    0.085516393
             77    0.084281465
             76    0.083039029
             75    0.081833723
             74    0.080511432
             73    0.079269343
             72    0.077893679
             71    0.076677233
             70    0.075674167
             69    0.074451800
             68    0.073251245
             67    0.072130297
             66    0.071093066
             65    0.069669828
             64    0.068430107
             63    0.067229696
             62    0.066299902
             61    0.065138766
             60    0.063832250
             59    0.062720263
             58    0.061519983
             57    0.060333585
             56    0.059087301
             55    0.058017158
             54    0.056840188
             53    0.055776669
             52    0.054593369
             51    0.053431935
             50    0.052249872
             49    0.051079268
             48    0.049987760
             47    0.048866214
             46    0.047693178
             45    0.046659989
             44    0.045513309
             43    0.044507748
             42    0.043147565
             41    0.042153528
             40    0.040872158
             39    0.039957190
             38    0.038924231
             37    0.037683525
             36    0.036603748
             35    0.035678601
             34    0.034519093
             33    0.033662543
             32    0.032749004
             31    0.031523024
             30    0.030427855
             29    0.029416431
             28    0.028250713
             27    0.027241822
             26    0.026311239
             25    0.025289208
             24    0.024180308
             23    0.023176020
             22    0.022313856
             21    0.021139934
             20    0.020242406
             19    0.019121893
             18    0.018116933
             17    0.017208249
             16    0.016215728
             15    0.015057836
             14    0.014164305
             13    0.013149529
             12    0.012153940
             11    0.011155920
             10    0.010000142
              9   0.0088538788
              8   0.0078461745
              7   0.0069379207
              6   0.0060020276
              5   0.0049545492
              4   0.0038671664
              3   0.0028858111
              2   0.0019141557
              1  0.00092565989
