           1000      7.4983904
            999      6.4877958
            998      5.9993600
            997      5.6603370
            996      5.4065778
            995      5.2073604
            994      5.0385357
            993      4.8950363
            992      4.7718477
            991      4.6603140
            990      4.5607632
            989      4.4689787
            988      4.3851348
            987      4.3085422
            986      4.2372214
            985      4.1692883
            984      4.1072763
            983      4.0487936
            982      3.9930092
            981      3.9404386
            980      3.8908299
            979      3.8427431
            978      3.7967331
            977      3.7532991
            976      3.7107654
            975      3.6710484
            974      3.6326589
            973      3.5954846
            972      3.5599009
            971      3.5250490
            970      3.4920416
            969      3.4593358
            968      3.4281202
            967      3.3980191
            966      3.3688189
            965      3.3397251
            964      3.3114955
            963      3.2842679
            962      3.2577493
            961      3.2323699
            960      3.2074334
            959      3.1832669
            958      3.1594419
            957      3.1357415
            956      3.1128197
            955      3.0904394
            954      3.0684726
            953      3.0470549
            952      3.0262690
            951      3.0061240
            950      2.9864857
            949      2.9668779
            948      2.9477290
            947      2.9288742
            946      2.9102176
            945      2.8923847
            944      2.8745447
            943      2.8572127
            942      2.8400554
            941      2.8229975
            940      2.8062942
            939      2.7896133
            938      2.7734296
            937      2.7575379
            936      2.7420029
            935      2.7266060
            934      2.7116127
            933      2.6966782
            932      2.6822846
            931      2.6675930
            930      2.6535158
            929      2.6395137
            928      2.6255885
            927      2.6120400
            926      2.5984717
            925      2.5850814
            924      2.5715712
            923      2.5584382
            922      2.5457169
            921      2.5331663
            920      2.5208028
            919      2.5083719
            918      2.4962695
            917      2.4840154
            916      2.4722464
            915      2.4603292
            914      2.4485481
            913      2.4369410
            912      2.4256167
            911      2.4144589
            910      2.4033105
            909      2.3923014
            908      2.3815556
            907      2.3709270
            906      2.3602218
            905      2.3497613
            904      2.3394088
            903      2.3290302
            902      2.3189241
            901      2.3088944
            900      2.2990311
            899      2.2891868
            898      2.2794012
            897      2.2695970
            896      2.2600390
            895      2.2505008
            894      2.2407670
            893      2.2314997
            892      2.2223822
            891      2.2132730
            890      2.2041492
            889      2.1951336
            888      2.1862941
            887      2.1774170
            886      2.1685739
            885      2.1599051
            884      2.1512514
            883      2.1427320
            882      2.1341857
            881      2.1257251
            880      2.1174354
            879      2.1092607
            878      2.1010556
            877      2.0929052
            876      2.0848026
            875      2.0767368
            874      2.0688228
            873      2.0609834
            872      2.0531038
            871      2.0452001
            870      2.0375528
            869      2.0298302
            868      2.0221206
            867      2.0145291
            866      2.0070420
            865      1.9996786
            864      1.9923759
            863      1.9851865
            862      1.9779311
            861      1.9705962
            860      1.9634178
            859      1.9562724
            858      1.9491711
            857      1.9422576
            856      1.9353128
            855      1.9284606
            854      1.9216160
            853      1.9147980
            852      1.9079804
            851      1.9013710
            850      1.8947034
            849      1.8881485
            848      1.8816556
            847      1.8750503
            846      1.8684493
            845      1.8620111
            844      1.8554779
            843      1.8490940
            842      1.8427192
            841      1.8364126
            840      1.8302164
            839      1.8239675
            838      1.8178382
            837      1.8117201
            836      1.8055792
            835      1.7995702
            834      1.7935654
            833      1.7876217
            832      1.7816182
            831      1.7757021
            830      1.7698712
            829      1.7640196
            828      1.7582534
            827      1.7524621
            826      1.7466968
            825      1.7409177
            824      1.7352367
            823      1.7295263
            822      1.7238429
            821      1.7182870
            820      1.7126212
            819      1.7071011
            818      1.7016557
            817      1.6961182
            816      1.6906490
            815      1.6852150
            814      1.6798108
            813      1.6745489
            812      1.6691561
            811      1.6637642
            810      1.6586108
            809      1.6533481
            808      1.6481408
            807      1.6429414
            806      1.6378331
            805      1.6326313
            804      1.6274408
            803      1.6224292
            802      1.6173708
            801      1.6124528
            800      1.6073783
            799      1.6023353
            798      1.5974294
            797      1.5925078
            796      1.5876014
            795      1.5827164
            794      1.5778039
            793      1.5729358
            792      1.5679893
            791      1.5631271
            790      1.5583544
            789      1.5536005
            788      1.5489837
            787      1.5443571
            786      1.5396979
            785      1.5350488
            784      1.5304138
            783      1.5257383
            782      1.5211407
            781      1.5165780
            780      1.5120071
            779      1.5074489
            778      1.5028945
            777      1.4983985
            776      1.4938944
            775      1.4894621
            774      1.4850376
            773      1.4804984
            772      1.4760322
            771      1.4716906
            770      1.4674012
            769      1.4631280
            768      1.4587899
            767      1.4545374
            766      1.4502907
            765      1.4460449
            764      1.4417844
            763      1.4376204
            762      1.4334273
            761      1.4292126
            760      1.4250787
            759      1.4209123
            758      1.4167806
            757      1.4126224
            756      1.4085523
            755      1.4044785
            754      1.4004267
            753      1.3963867
            752      1.3923617
            751      1.3882974
            750      1.3842227
            749      1.3802130
            748      1.3763003
            747      1.3723181
            746      1.3683782
            745      1.3644882
            744      1.3605896
            743      1.3567082
            742      1.3528596
            741      1.3489800
            740      1.3450891
            739      1.3412824
            738      1.3374959
            737      1.3336699
            736      1.3299154
            735      1.3261740
            734      1.3224240
            733      1.3187199
            732      1.3149624
            731      1.3112365
            730      1.3074988
            729      1.3038004
            728      1.3000849
            727      1.2964789
            726      1.2928336
            725      1.2891640
            724      1.2856091
            723      1.2819910
            722      1.2783921
            721      1.2747929
            720      1.2712032
            719      1.2676307
            718      1.2641031
            717      1.2605369
            716      1.2570936
            715      1.2535548
            714      1.2500548
            713      1.2465510
            712      1.2431289
            711      1.2396927
            710      1.2362566
            709      1.2328127
            708      1.2293752
            707      1.2259400
            706      1.2225667
            705      1.2191302
            704      1.2157749
            703      1.2124256
            702      1.2090440
            701      1.2057355
            700      1.2023697
            699      1.1990181
            698      1.1957089
            697      1.1924481
            696      1.1891378
            695      1.1858721
            694      1.1825922
            693      1.1793603
            692      1.1761460
            691      1.1729040
            690      1.1695950
            689      1.1664074
            688      1.1632160
            687      1.1600573
            686      1.1568178
            685      1.1536173
            684      1.1505092
            683      1.1473565
            682      1.1441844
            681      1.1410970
            680      1.1379241
            679      1.1348320
            678      1.1317141
            677      1.1285961
            676      1.1255143
            675      1.1224449
            674      1.1193532
            673      1.1162841
            672      1.1132561
            671      1.1102225
            670      1.1072507
            669      1.1042673
            668      1.1012722
            667      1.0982366
            666      1.0952716
            665      1.0922587
            664      1.0893040
            663      1.0863773
            662      1.0833788
            661      1.0804277
            660      1.0775087
            659      1.0746249
            658      1.0716942
            657      1.0687522
            656      1.0658674
            655      1.0629794
            654      1.0601053
            653      1.0572664
            652      1.0544399
            651      1.0515693
            650      1.0486960
            649      1.0458702
            648      1.0429842
            647      1.0401520
            646      1.0373634
            645      1.0345350
            644      1.0317185
            643      1.0289245
            642      1.0261304
            641      1.0233790
            640      1.0206189
            639      1.0178172
            638      1.0150401
            637      1.0122505
            636      1.0094892
            635      1.0067380
            634      1.0040040
            633      1.0012741
            632     0.99857344
            631     0.99587831
            630     0.99318087
            629     0.99052550
            628     0.98785560
            627     0.98516581
            626     0.98247194
            625     0.97982153
            624     0.97714751
            623     0.97448635
            622     0.97181799
            621     0.96917702
            620     0.96653949
            619     0.96388087
            618     0.96121569
            617     0.95859040
            616     0.95596028
            615     0.95336120
            614     0.95079627
            613     0.94821031
            612     0.94565921
            611     0.94310413
            610     0.94056044
            609     0.93803625
            608     0.93543437
            607     0.93289909
            606     0.93043445
            605     0.92790626
            604     0.92540378
            603     0.92290905
            602     0.92041905
            601     0.91790676
            600     0.91542895
            599     0.91294370
            598     0.91046345
            597     0.90801874
            596     0.90552483
            595     0.90303415
            594     0.90056895
            593     0.89807711
            592     0.89563021
            591     0.89319379
            590     0.89074457
            589     0.88826358
            588     0.88587680
            587     0.88346505
            586     0.88106438
            585     0.87867443
            584     0.87625919
            583     0.87381083
            582     0.87143183
            581     0.86902649
            580     0.86666970
            579     0.86431097
            578     0.86194033
            577     0.85955149
            576     0.85719793
            575     0.85481195
            574     0.85243423
            573     0.85004283
            572     0.84767493
            571     0.84533391
            570     0.84307333
            569     0.84074200
            568     0.83840326
            567     0.83609875
            566     0.83380219
            565     0.83147165
            564     0.82917111
            563     0.82689519
            562     0.82456586
            561     0.82228094
            560     0.82000852
            559     0.81774913
            558     0.81548241
            557     0.81321061
            556     0.81095703
            555     0.80872161
            554     0.80646451
            553     0.80421797
            552     0.80194430
            551     0.79974003
            550     0.79752093
            549     0.79526386
            548     0.79303752
            547     0.79084093
            546     0.78866251
            545     0.78647215
            544     0.78428264
            543     0.78207302
            542     0.77990318
            541     0.77770878
            540     0.77551771
            539     0.77336027
            538     0.77116761
            537     0.76902709
            536     0.76684478
            535     0.76465212
            534     0.76247715
            533     0.76031642
            532     0.75816026
            531     0.75604019
            530     0.75393139
            529     0.75180529
            528     0.74968826
            527     0.74759814
            526     0.74548850
            525     0.74337410
            524     0.74128282
            523     0.73918012
            522     0.73710999
            521     0.73507505
            520     0.73300248
            519     0.73095140
            518     0.72887603
            517     0.72680254
            516     0.72474357
            515     0.72267051
            514     0.72059467
            513     0.71855639
            512     0.71647072
            511     0.71440894
            510     0.71236655
            509     0.71031610
            508     0.70829493
            507     0.70627278
            506     0.70426025
            505     0.70227932
            504     0.70026644
            503     0.69827735
            502     0.69628047
            501     0.69431324
            500     0.69229930
            499     0.69030757
            498     0.68831137
            497     0.68634415
            496     0.68437953
            495     0.68238924
            494     0.68043185
            493     0.67849241
            492     0.67650861
            491     0.67454237
            490     0.67257417
            489     0.67061928
            488     0.66866278
            487     0.66668999
            486     0.66473825
            485     0.66280821
            484     0.66085273
            483     0.65893465
            482     0.65696395
            481     0.65502848
            480     0.65312389
            479     0.65119973
            478     0.64929858
            477     0.64737311
            476     0.64547228
            475     0.64355480
            474     0.64163911
            473     0.63974161
            472     0.63782284
            471     0.63594613
            470     0.63408227
            469     0.63219055
            468     0.63026261
            467     0.62835933
            466     0.62650741
            465     0.62466068
            464     0.62280563
            463     0.62096793
            462     0.61916133
            461     0.61731726
            460     0.61547251
            459     0.61359982
            458     0.61172262
            457     0.60984727
            456     0.60803548
            455     0.60624660
            454     0.60440871
            453     0.60259820
            452     0.60076057
            451     0.59894195
            450     0.59709759
            449     0.59526316
            448     0.59346094
            447     0.59163650
            446     0.58983225
            445     0.58800578
            444     0.58617906
            443     0.58436222
            442     0.58261046
            441     0.58082293
            440     0.57903809
            439     0.57724222
            438     0.57545804
            437     0.57365933
            436     0.57187230
            435     0.57006733
            434     0.56834403
            433     0.56657470
            432     0.56482054
            431     0.56307407
            430     0.56131510
            429     0.55956273
            428     0.55783221
            427     0.55607809
            426     0.55432506
            425     0.55256895
            424     0.55081874
            423     0.54909715
            422     0.54735485
            421     0.54560682
            420     0.54387005
            419     0.54212734
            418     0.54042112
            417     0.53870630
            416     0.53701191
            415     0.53531055
            414     0.53359127
            413     0.53188658
            412     0.53021893
            411     0.52855189
            410     0.52685462
            409     0.52517747
            408     0.52351737
            407     0.52184557
            406     0.52018759
            405     0.51851305
            404     0.51684107
            403     0.51514557
            402     0.51347159
            401     0.51183484
            400     0.51016948
            399     0.50847891
            398     0.50681340
            397     0.50516335
            396     0.50351569
            395     0.50186906
            394     0.50025027
            393     0.49861552
            392     0.49695814
            391     0.49531162
            390     0.49367472
            389     0.49203590
            388     0.49043899
            387     0.48881852
            386     0.48720833
            385     0.48558174
            384     0.48397384
            383     0.48236615
            382     0.48070574
            381     0.47912051
            380     0.47753860
            379     0.47595355
            378     0.47436518
            377     0.47277989
            376     0.47115848
            375     0.46955437
            374     0.46794735
            373     0.46636097
            372     0.46473484
            371     0.46316459
            370     0.46158924
            369     0.45999131
            368     0.45840436
            367     0.45682970
            366     0.45525775
            365     0.45367182
            364     0.45207980
            363     0.45051086
            362     0.44892305
            361     0.44734812
            360     0.44577767
            359     0.44425047
            358     0.44268070
            357     0.44112755
            356     0.43957072
            355     0.43800160
            354     0.43645771
            353     0.43487968
            352     0.43332729
            351     0.43179062
            350     0.43024117
            349     0.42871086
            348     0.42716795
            347     0.42564392
            346     0.42410853
            345     0.42257074
            344     0.42104958
            343     0.41954874
            342     0.41804302
            341     0.41650602
            340     0.41497410
            339     0.41346980
            338     0.41195358
            337     0.41045932
            336     0.40895172
            335     0.40745170
            334     0.40594015
            333     0.40442116
            332     0.40292163
            331     0.40139095
            330     0.39989584
            329     0.39840751
            328     0.39691682
            327     0.39543921
            326     0.39396666
            325     0.39252144
            324     0.39105358
            323     0.38955923
            322     0.38809954
            321     0.38665271
            320     0.38520546
            319     0.38375060
            318     0.38231481
            317     0.38084901
            316     0.37939422
            315     0.37794025
            314     0.37647513
            313     0.37503531
            312     0.37357737
            311     0.37214585
            310     0.37071258
            309     0.36924150
            308     0.36779517
            307     0.36635130
            306     0.36492406
            305     0.36349647
            304     0.36206826
            303     0.36064834
            302     0.35923079
            301     0.35779253
            300     0.35637777
            299     0.35494275
            298     0.35351840
            297     0.35209343
            296     0.35067975
            295     0.34925399
            294     0.34786141
            293     0.34643611
            292     0.34503522
            291     0.34362814
            290     0.34222046
            289     0.34081091
            288     0.33941813
            287     0.33801165
            286     0.33662200
            285     0.33522143
            284     0.33383572
            283     0.33244286
            282     0.33102083
            281     0.32962396
            280     0.32824403
            279     0.32685293
            278     0.32545907
            277     0.32408941
            276     0.32272218
            275     0.32134590
            274     0.31997545
            273     0.31861328
            272     0.31722695
            271     0.31584780
            270     0.31448496
            269     0.31310754
            268     0.31172869
            267     0.31035825
            266     0.30900214
            265     0.30765342
            264     0.30629042
            263     0.30492524
            262     0.30356700
            261     0.30220219
            260     0.30085614
            259     0.29952001
            258     0.29819239
            257     0.29682715
            256     0.29547325
            255     0.29413557
            254     0.29280645
            253     0.29144503
            252     0.29009878
            251     0.28876981
            250     0.28744664
            249     0.28610125
            248     0.28476623
            247     0.28343228
            246     0.28208217
            245     0.28074736
            244     0.27942101
            243     0.27809430
            242     0.27675679
            241     0.27545167
            240     0.27415830
            239     0.27284271
            238     0.27151863
            237     0.27020933
            236     0.26890085
            235     0.26759203
            234     0.26628956
            233     0.26498615
            232     0.26369095
            231     0.26238896
            230     0.26108558
            229     0.25978770
            228     0.25849714
            227     0.25719919
            226     0.25589635
            225     0.25460827
            224     0.25329868
            223     0.25199952
            222     0.25068943
            221     0.24941198
            220     0.24812935
            219     0.24684778
            218     0.24555857
            217     0.24426973
            216     0.24300063
            215     0.24172631
            214     0.24046051
            213     0.23918484
            212     0.23791720
            211     0.23667291
            210     0.23541468
            209     0.23416565
            208     0.23289878
            207     0.23163862
            206     0.23039485
            205     0.22911074
            204     0.22785710
            203     0.22659704
            202     0.22534968
            201     0.22409429
            200     0.22285392
            199     0.22161788
            198     0.22039540
            197     0.21914885
            196     0.21791039
            195     0.21665633
            194     0.21541775
            193     0.21415589
            192     0.21294681
            191     0.21171931
            190     0.21049365
            189     0.20924766
            188     0.20804929
            187     0.20682244
            186     0.20558865
            185     0.20437326
            184     0.20313306
            183     0.20192656
            182     0.20070269
            181     0.19948063
            180     0.19826429
            179     0.19705046
            178     0.19583832
            177     0.19461160
            176     0.19340557
            175     0.19221870
            174     0.19100313
            173     0.18978912
            172     0.18857724
            171     0.18737493
            170     0.18618178
            169     0.18498104
            168     0.18377629
            167     0.18255658
            166     0.18135351
            165     0.18016124
            164     0.17896755
            163     0.17774937
            162     0.17655682
            161     0.17538174
            160     0.17419363
            159     0.17300788
            158     0.17181786
            157     0.17061266
            156     0.16940590
            155     0.16821779
            154     0.16703193
            153     0.16584852
            152     0.16467933
            151     0.16349212
            150     0.16231762
            149     0.16114698
            148     0.15996521
            147     0.15882031
            146     0.15763872
            145     0.15645774
            144     0.15529545
            143     0.15413387
            142     0.15296337
            141     0.15179132
            140     0.15064478
            139     0.14948105
            138     0.14831765
            137     0.14714584
            136     0.14598868
            135     0.14483539
            134     0.14365776
            133     0.14249616
            132     0.14133348
            131     0.14019715
            130     0.13905361
            129     0.13790245
            128     0.13676329
            127     0.13560234
            126     0.13447428
            125     0.13333855
            124     0.13220222
            123     0.13107534
            122     0.12993826
            121     0.12879653
            120     0.12766554
            119     0.12654407
            118     0.12542145
            117     0.12430224
            116     0.12318461
            115     0.12204304
            114     0.12091741
            113     0.11980148
            112     0.11868898
            111     0.11755702
            110     0.11643530
            109     0.11530158
            108     0.11418388
            107     0.11306155
            106     0.11194034
            105     0.11081476
            104     0.10969639
            103     0.10860680
            102     0.10749085
            101     0.10636489
            100     0.10527525
             99     0.10416613
             98     0.10304385
             97     0.10192508
             96     0.10081193
             95    0.099701811
             94    0.098595890
             93    0.097481631
             92    0.096385088
             91    0.095274454
             90    0.094183088
             89    0.093091781
             88    0.091988553
             87    0.090862718
             86    0.089775753
             85    0.088675433
             84    0.087577169
             83    0.086508567
             82    0.085420763
             81    0.084351396
             80    0.083253343
             79    0.082157250
             78    0.081077102
             77    0.079991452
             76    0.078918944
             75    0.077841098
             74    0.076751022
             73    0.075701084
             72    0.074628265
             71    0.073539022
             70    0.072463063
             69    0.071404614
             68    0.070335820
             67    0.069272043
             66    0.068198038
             65    0.067125262
             64    0.066072088
             63    0.064986819
             62    0.063920956
             61    0.062853262
             60    0.061785517
             59    0.060713328
             58    0.059657662
             57    0.058585668
             56    0.057530308
             55    0.056465559
             54    0.055392174
             53    0.054343451
             52    0.053291064
             51    0.052228415
             50    0.051168667
             49    0.050126218
             48    0.049050801
             47    0.047997502
             46    0.046952652
             45    0.045933560
             44    0.044884118
             43    0.043846011
             42    0.042794628
             41    0.041742647
             40    0.040723906
             39    0.039698151
             38    0.038658714
             37    0.037633470
             36    0.036603741
             35    0.035569509
             34    0.034527933
             33    0.033501980
             32    0.032464363
             31    0.031431085
             30    0.030413315
             29    0.029386475
             28    0.028368649
             27    0.027337753
             26    0.026312951
             25    0.025268179
             24    0.024244205
             23    0.023222492
             22    0.022209165
             21    0.021187616
             20    0.020161273
             19    0.019152208
             18    0.018128293
             17    0.017125089
             16    0.016120728
             15    0.015081620
             14    0.014069082
             13    0.013057124
             12    0.012029356
             11    0.011021064
             10   0.0099944214
              9   0.0090054054
              8   0.0080115284
              7   0.0069951434
              6   0.0059807800
              5   0.0049968484
              4   0.0039775556
              3   0.0029783382
              2   0.0019780697
              1  0.00098752207
