           1000      13.768438
            999      11.591714
            998      10.428635
            997      9.6567916
            996      9.0755236
            995      8.6160556
            994      8.2430916
            993      7.9253997
            992      7.6312865
            991      7.3578868
            990      7.1293135
            989      6.9311975
            988      6.7461257
            987      6.5747516
            986      6.4126140
            985      6.2624639
            984      6.1301277
            983      5.9978615
            982      5.8709819
            981      5.7556291
            980      5.6466482
            979      5.5443521
            978      5.4481473
            977      5.3591273
            976      5.2716063
            975      5.1873830
            974      5.1088328
            973      5.0286128
            972      4.9540733
            971      4.8843332
            970      4.8157407
            969      4.7500697
            968      4.6856972
            967      4.6199988
            966      4.5623712
            965      4.5042005
            964      4.4486227
            963      4.3936621
            962      4.3382956
            961      4.2863548
            960      4.2367373
            959      4.1852199
            958      4.1362970
            957      4.0872484
            956      4.0412296
            955      3.9953063
            954      3.9509021
            953      3.9075166
            952      3.8668746
            951      3.8251637
            950      3.7839928
            949      3.7443853
            948      3.7060220
            947      3.6692768
            946      3.6336396
            945      3.5978987
            944      3.5636264
            943      3.5312037
            942      3.4989725
            941      3.4644523
            940      3.4310126
            939      3.4005476
            938      3.3703721
            937      3.3398699
            936      3.3097914
            935      3.2817975
            934      3.2538570
            933      3.2252096
            932      3.1976625
            931      3.1698732
            930      3.1434827
            929      3.1145464
            928      3.0897462
            927      3.0639945
            926      3.0385748
            925      3.0150235
            924      2.9917485
            923      2.9677985
            922      2.9432843
            921      2.9205775
            920      2.8970532
            919      2.8760394
            918      2.8539366
            917      2.8324013
            916      2.8103734
            915      2.7896164
            914      2.7696448
            913      2.7495202
            912      2.7297419
            911      2.7098594
            910      2.6901810
            909      2.6705831
            908      2.6515541
            907      2.6324418
            906      2.6136707
            905      2.5944677
            904      2.5763518
            903      2.5578593
            902      2.5404696
            901      2.5221262
            900      2.5044345
            899      2.4878264
            898      2.4718072
            897      2.4552517
            896      2.4388945
            895      2.4228649
            894      2.4065614
            893      2.3903987
            892      2.3754881
            891      2.3596316
            890      2.3443146
            889      2.3282118
            888      2.3128045
            887      2.2980995
            886      2.2828164
            885      2.2686678
            884      2.2548273
            883      2.2412973
            882      2.2272811
            881      2.2138800
            880      2.2001430
            879      2.1871963
            878      2.1739480
            877      2.1607987
            876      2.1479120
            875      2.1349137
            874      2.1209501
            873      2.1086073
            872      2.0961179
            871      2.0831874
            870      2.0708875
            869      2.0586786
            868      2.0470222
            867      2.0357127
            866      2.0235296
            865      2.0119869
            864      2.0005256
            863      1.9889152
            862      1.9778764
            861      1.9662477
            860      1.9548445
            859      1.9433313
            858      1.9322709
            857      1.9215061
            856      1.9107034
            855      1.8995926
            854      1.8887778
            853      1.8783928
            852      1.8675391
            851      1.8577046
            850      1.8475250
            849      1.8370926
            848      1.8268941
            847      1.8175820
            846      1.8078882
            845      1.7983841
            844      1.7890316
            843      1.7792308
            842      1.7694643
            841      1.7603268
            840      1.7507295
            839      1.7414494
            838      1.7320811
            837      1.7233462
            836      1.7139600
            835      1.7050274
            834      1.6963780
            833      1.6874115
            832      1.6788388
            831      1.6694041
            830      1.6605984
            829      1.6522281
            828      1.6442617
            827      1.6366153
            826      1.6284854
            825      1.6201677
            824      1.6118629
            823      1.6034183
            822      1.5954054
            821      1.5876952
            820      1.5800179
            819      1.5721513
            818      1.5641925
            817      1.5564098
            816      1.5489309
            815      1.5413296
            814      1.5338502
            813      1.5264250
            812      1.5187574
            811      1.5115109
            810      1.5042781
            809      1.4970090
            808      1.4898034
            807      1.4828946
            806      1.4761408
            805      1.4694432
            804      1.4622263
            803      1.4556001
            802      1.4484882
            801      1.4417559
            800      1.4349299
            799      1.4277215
            798      1.4214068
            797      1.4147403
            796      1.4079727
            795      1.4009278
            794      1.3944858
            793      1.3879410
            792      1.3816286
            791      1.3754461
            790      1.3692915
            789      1.3629023
            788      1.3569275
            787      1.3509311
            786      1.3447961
            785      1.3388399
            784      1.3327924
            783      1.3271392
            782      1.3214075
            781      1.3156072
            780      1.3097822
            779      1.3039026
            778      1.2983898
            777      1.2928616
            776      1.2871468
            775      1.2819002
            774      1.2760999
            773      1.2705549
            772      1.2652790
            771      1.2599220
            770      1.2544529
            769      1.2491226
            768      1.2437963
            767      1.2386707
            766      1.2336056
            765      1.2283533
            764      1.2232842
            763      1.2180959
            762      1.2131068
            761      1.2081738
            760      1.2029735
            759      1.1980050
            758      1.1927360
            757      1.1878641
            756      1.1830045
            755      1.1780520
            754      1.1731509
            753      1.1680390
            752      1.1633020
            751      1.1585830
            750      1.1538036
            749      1.1488538
            748      1.1441144
            747      1.1395204
            746      1.1349945
            745      1.1302758
            744      1.1254837
            743      1.1210188
            742      1.1166640
            741      1.1124202
            740      1.1079614
            739      1.1034020
            738      1.0991250
            737      1.0947779
            736      1.0906322
            735      1.0865221
            734      1.0821611
            733      1.0778466
            732      1.0736565
            731      1.0692790
            730      1.0648767
            729      1.0607867
            728      1.0569047
            727      1.0527749
            726      1.0487070
            725      1.0448704
            724      1.0409554
            723      1.0369923
            722      1.0330450
            721      1.0291682
            720      1.0252156
            719      1.0213256
            718      1.0173256
            717      1.0132598
            716      1.0092617
            715      1.0052612
            714      1.0013041
            713     0.99771686
            712     0.99400954
            711     0.99030490
            710     0.98648674
            709     0.98284725
            708     0.97940054
            707     0.97571552
            706     0.97212781
            705     0.96854661
            704     0.96488571
            703     0.96127855
            702     0.95769457
            701     0.95420698
            700     0.95083429
            699     0.94720463
            698     0.94388266
            697     0.94035070
            696     0.93713388
            695     0.93388893
            694     0.93050009
            693     0.92702865
            692     0.92354282
            691     0.92020404
            690     0.91693798
            689     0.91374248
            688     0.91055344
            687     0.90725849
            686     0.90405953
            685     0.90071424
            684     0.89752649
            683     0.89430600
            682     0.89124411
            681     0.88811052
            680     0.88499152
            679     0.88199783
            678     0.87900446
            677     0.87602523
            676     0.87307068
            675     0.87014164
            674     0.86705431
            673     0.86403351
            672     0.86104070
            671     0.85820332
            670     0.85519173
            669     0.85221441
            668     0.84923202
            667     0.84633161
            666     0.84342072
            665     0.84037259
            664     0.83745552
            663     0.83450235
            662     0.83146412
            661     0.82857736
            660     0.82573797
            659     0.82291842
            658     0.82032073
            657     0.81764764
            656     0.81471453
            655     0.81180441
            654     0.80920332
            653     0.80661480
            652     0.80391539
            651     0.80122252
            650     0.79860256
            649     0.79582172
            648     0.79317206
            647     0.79057811
            646     0.78786579
            645     0.78524898
            644     0.78256859
            643     0.78002925
            642     0.77737431
            641     0.77477892
            640     0.77214836
            639     0.76951274
            638     0.76699653
            637     0.76441266
            636     0.76188527
            635     0.75944960
            634     0.75700687
            633     0.75461507
            632     0.75226044
            631     0.74968035
            630     0.74722695
            629     0.74482474
            628     0.74234900
            627     0.73988888
            626     0.73739107
            625     0.73494139
            624     0.73261904
            623     0.73025039
            622     0.72789190
            621     0.72565927
            620     0.72327315
            619     0.72084899
            618     0.71845863
            617     0.71623002
            616     0.71382146
            615     0.71151166
            614     0.70919868
            613     0.70686520
            612     0.70453072
            611     0.70221192
            610     0.69991658
            609     0.69773049
            608     0.69547721
            607     0.69317999
            606     0.69093453
            605     0.68861418
            604     0.68634249
            603     0.68423666
            602     0.68208359
            601     0.67996366
            600     0.67778073
            599     0.67566236
            598     0.67349760
            597     0.67127740
            596     0.66921843
            595     0.66705070
            594     0.66491925
            593     0.66278480
            592     0.66067218
            591     0.65852777
            590     0.65644055
            589     0.65429841
            588     0.65227021
            587     0.65025654
            586     0.64813684
            585     0.64605193
            584     0.64383244
            583     0.64183772
            582     0.63983877
            581     0.63790216
            580     0.63577402
            579     0.63381562
            578     0.63172218
            577     0.62976114
            576     0.62773669
            575     0.62563201
            574     0.62360755
            573     0.62156642
            572     0.61963996
            571     0.61773064
            570     0.61586997
            569     0.61390322
            568     0.61191579
            567     0.60998269
            566     0.60801467
            565     0.60606130
            564     0.60418461
            563     0.60214044
            562     0.60021796
            561     0.59826239
            560     0.59646067
            559     0.59448181
            558     0.59259909
            557     0.59063855
            556     0.58889808
            555     0.58713874
            554     0.58528512
            553     0.58344780
            552     0.58158241
            551     0.57976608
            550     0.57798469
            549     0.57613962
            548     0.57437012
            547     0.57258938
            546     0.57088008
            545     0.56909943
            544     0.56720759
            543     0.56534880
            542     0.56355661
            541     0.56171306
            540     0.55998815
            539     0.55820332
            538     0.55637361
            537     0.55464560
            536     0.55293935
            535     0.55122697
            534     0.54952342
            533     0.54770513
            532     0.54595486
            531     0.54418987
            530     0.54243698
            529     0.54068696
            528     0.53886013
            527     0.53715675
            526     0.53533093
            525     0.53356823
            524     0.53183116
            523     0.53021181
            522     0.52849839
            521     0.52687403
            520     0.52522719
            519     0.52362616
            518     0.52192096
            517     0.52028187
            516     0.51861290
            515     0.51699277
            514     0.51529321
            513     0.51365203
            512     0.51189531
            511     0.51027923
            510     0.50857573
            509     0.50694464
            508     0.50533827
            507     0.50372102
            506     0.50221150
            505     0.50057519
            504     0.49893995
            503     0.49730037
            502     0.49570402
            501     0.49412851
            500     0.49255765
            499     0.49094754
            498     0.48937428
            497     0.48785649
            496     0.48623731
            495     0.48464954
            494     0.48308246
            493     0.48148211
            492     0.47995763
            491     0.47844600
            490     0.47692992
            489     0.47541724
            488     0.47391332
            487     0.47237183
            486     0.47085379
            485     0.46941758
            484     0.46792261
            483     0.46644919
            482     0.46489607
            481     0.46335056
            480     0.46185781
            479     0.46034590
            478     0.45889646
            477     0.45733189
            476     0.45580725
            475     0.45436800
            474     0.45286467
            473     0.45140528
            472     0.44994848
            471     0.44840008
            470     0.44692806
            469     0.44545153
            468     0.44406939
            467     0.44266612
            466     0.44127277
            465     0.43987660
            464     0.43841511
            463     0.43705057
            462     0.43569364
            461     0.43440676
            460     0.43299614
            459     0.43157346
            458     0.43006572
            457     0.42860841
            456     0.42726815
            455     0.42592607
            454     0.42451222
            453     0.42308594
            452     0.42168110
            451     0.42032404
            450     0.41886481
            449     0.41742135
            448     0.41602787
            447     0.41453381
            446     0.41314579
            445     0.41182265
            444     0.41053582
            443     0.40927512
            442     0.40792066
            441     0.40653994
            440     0.40525245
            439     0.40392529
            438     0.40258285
            437     0.40129053
            436     0.39995640
            435     0.39861117
            434     0.39729696
            433     0.39599125
            432     0.39472504
            431     0.39338422
            430     0.39207668
            429     0.39081031
            428     0.38947786
            427     0.38823069
            426     0.38688546
            425     0.38553862
            424     0.38419257
            423     0.38291377
            422     0.38167639
            421     0.38029708
            420     0.37901032
            419     0.37773575
            418     0.37642427
            417     0.37513910
            416     0.37382952
            415     0.37250844
            414     0.37124997
            413     0.36995529
            412     0.36870170
            411     0.36744983
            410     0.36619444
            409     0.36488557
            408     0.36362283
            407     0.36232974
            406     0.36102984
            405     0.35977538
            404     0.35853374
            403     0.35735218
            402     0.35607799
            401     0.35487175
            400     0.35368780
            399     0.35246003
            398     0.35119024
            397     0.34997666
            396     0.34873314
            395     0.34751268
            394     0.34625923
            393     0.34508947
            392     0.34398346
            391     0.34278065
            390     0.34158145
            389     0.34040302
            388     0.33918049
            387     0.33796440
            386     0.33677244
            385     0.33554585
            384     0.33434958
            383     0.33317032
            382     0.33199266
            381     0.33077311
            380     0.32964004
            379     0.32845989
            378     0.32724498
            377     0.32605429
            376     0.32486918
            375     0.32366891
            374     0.32248836
            373     0.32132468
            372     0.32014882
            371     0.31898146
            370     0.31784644
            369     0.31662749
            368     0.31545266
            367     0.31427745
            366     0.31315310
            365     0.31199621
            364     0.31083945
            363     0.30964553
            362     0.30854280
            361     0.30741551
            360     0.30628251
            359     0.30507611
            358     0.30390614
            357     0.30277035
            356     0.30164765
            355     0.30051861
            354     0.29939933
            353     0.29827239
            352     0.29713782
            351     0.29607899
            350     0.29488192
            349     0.29381427
            348     0.29274749
            347     0.29161867
            346     0.29054958
            345     0.28941227
            344     0.28833539
            343     0.28721960
            342     0.28611615
            341     0.28499142
            340     0.28390460
            339     0.28281193
            338     0.28177543
            337     0.28068788
            336     0.27958937
            335     0.27844530
            334     0.27739337
            333     0.27626966
            332     0.27511267
            331     0.27406071
            330     0.27296632
            329     0.27184864
            328     0.27082541
            327     0.26976796
            326     0.26865998
            325     0.26755920
            324     0.26655237
            323     0.26552839
            322     0.26448328
            321     0.26343045
            320     0.26237662
            319     0.26132016
            318     0.26024005
            317     0.25913001
            316     0.25804493
            315     0.25705502
            314     0.25605247
            313     0.25505473
            312     0.25402058
            311     0.25299626
            310     0.25197701
            309     0.25092597
            308     0.24989995
            307     0.24887323
            306     0.24784425
            305     0.24689304
            304     0.24581445
            303     0.24484329
            302     0.24380158
            301     0.24279119
            300     0.24180845
            299     0.24085691
            298     0.23989463
            297     0.23888038
            296     0.23787340
            295     0.23685466
            294     0.23584970
            293     0.23483489
            292     0.23387061
            291     0.23286099
            290     0.23186203
            289     0.23085629
            288     0.22989097
            287     0.22890007
            286     0.22787503
            285     0.22691873
            284     0.22590994
            283     0.22494119
            282     0.22398665
            281     0.22305524
            280     0.22202357
            279     0.22105749
            278     0.22010385
            277     0.21909002
            276     0.21815364
            275     0.21714398
            274     0.21616599
            273     0.21520467
            272     0.21418774
            271     0.21321959
            270     0.21224303
            269     0.21132440
            268     0.21039785
            267     0.20943025
            266     0.20840392
            265     0.20738185
            264     0.20638543
            263     0.20546989
            262     0.20453351
            261     0.20363781
            260     0.20270775
            259     0.20173507
            258     0.20075259
            257     0.19979411
            256     0.19889492
            255     0.19794455
            254     0.19704173
            253     0.19609734
            252     0.19513882
            251     0.19419227
            250     0.19327439
            249     0.19230224
            248     0.19134112
            247     0.19043812
            246     0.18950884
            245     0.18859072
            244     0.18766923
            243     0.18679977
            242     0.18588161
            241     0.18501343
            240     0.18407626
            239     0.18318516
            238     0.18230293
            237     0.18139873
            236     0.18053591
            235     0.17955685
            234     0.17861973
            233     0.17772767
            232     0.17683446
            231     0.17598449
            230     0.17503116
            229     0.17415154
            228     0.17332129
            227     0.17245132
            226     0.17156732
            225     0.17072109
            224     0.16986811
            223     0.16902822
            222     0.16820216
            221     0.16732249
            220     0.16645719
            219     0.16556270
            218     0.16465562
            217     0.16381413
            216     0.16290414
            215     0.16205564
            214     0.16116679
            213     0.16029284
            212     0.15940124
            211     0.15856017
            210     0.15770794
            209     0.15688695
            208     0.15605954
            207     0.15522311
            206     0.15438403
            205     0.15353473
            204     0.15267927
            203     0.15182855
            202     0.15100068
            201     0.15014699
            200     0.14929257
            199     0.14840162
            198     0.14758060
            197     0.14673391
            196     0.14587601
            195     0.14500660
            194     0.14412882
            193     0.14328702
            192     0.14244275
            191     0.14152649
            190     0.14070210
            189     0.13983668
            188     0.13899172
            187     0.13817941
            186     0.13734060
            185     0.13647467
            184     0.13569356
            183     0.13486271
            182     0.13405400
            181     0.13321975
            180     0.13236325
            179     0.13151390
            178     0.13063548
            177     0.12975072
            176     0.12888814
            175     0.12803578
            174     0.12718451
            173     0.12635358
            172     0.12549353
            171     0.12467390
            170     0.12387315
            169     0.12303506
            168     0.12220986
            167     0.12143113
            166     0.12058780
            165     0.11978643
            164     0.11895503
            163     0.11814580
            162     0.11736113
            161     0.11653999
            160     0.11575790
            159     0.11495102
            158     0.11414783
            157     0.11334243
            156     0.11252529
            155     0.11169969
            154     0.11087591
            153     0.11007265
            152     0.10929605
            151     0.10849332
            150     0.10768536
            149     0.10688532
            148     0.10610070
            147     0.10531072
            146     0.10446677
            145     0.10367601
            144     0.10291212
            143     0.10214561
            142     0.10136933
            141     0.10057554
            140    0.099746544
            139    0.098958246
            138    0.098170278
            137    0.097406864
            136    0.096624798
            135    0.095835772
            134    0.095031623
            133    0.094248554
            132    0.093454653
            131    0.092685578
            130    0.091872573
            129    0.091101169
            128    0.090359668
            127    0.089595391
            126    0.088820665
            125    0.088066442
            124    0.087297885
            123    0.086504905
            122    0.085740496
            121    0.084943572
            120    0.084202082
            119    0.083420540
            118    0.082717778
            117    0.081946147
            116    0.081153388
            115    0.080414621
            114    0.079678690
            113    0.078897902
            112    0.078156596
            111    0.077402987
            110    0.076667248
            109    0.075926563
            108    0.075238379
            107    0.074476949
            106    0.073717862
            105    0.072915533
            104    0.072196522
            103    0.071432094
            102    0.070657446
            101    0.069921381
            100    0.069179553
             99    0.068407687
             98    0.067659961
             97    0.066953210
             96    0.066232972
             95    0.065502270
             94    0.064777351
             93    0.064023693
             92    0.063314493
             91    0.062584794
             90    0.061816947
             89    0.061113335
             88    0.060381197
             87    0.059641042
             86    0.058890534
             85    0.058154488
             84    0.057393017
             83    0.056648595
             82    0.055925193
             81    0.055214905
             80    0.054505386
             79    0.053801095
             78    0.053092685
             77    0.052369834
             76    0.051704249
             75    0.050999162
             74    0.050315642
             73    0.049624360
             72    0.048945590
             71    0.048209781
             70    0.047500891
             69    0.046809008
             68    0.046112295
             67    0.045433998
             66    0.044732196
             65    0.044009781
             64    0.043333681
             63    0.042636282
             62    0.041918557
             61    0.041226107
             60    0.040534082
             59    0.039841642
             58    0.039140365
             57    0.038379600
             56    0.037672116
             55    0.036992063
             54    0.036331598
             53    0.035606608
             52    0.034883634
             51    0.034202800
             50    0.033524597
             49    0.032841520
             48    0.032127242
             47    0.031460855
             46    0.030783132
             45    0.030084809
             44    0.029404826
             43    0.028705657
             42    0.028007946
             41    0.027303614
             40    0.026669889
             39    0.025982650
             38    0.025323202
             37    0.024661963
             36    0.023960756
             35    0.023304619
             34    0.022625104
             33    0.021932485
             32    0.021248629
             31    0.020570206
             30    0.019902241
             29    0.019237795
             28    0.018553013
             27    0.017900253
             26    0.017218695
             25    0.016573619
             24    0.015888727
             23    0.015208087
             22    0.014559678
             21    0.013890678
             20    0.013178335
             19    0.012510614
             18    0.011877131
             17    0.011195512
             16    0.010487412
             15   0.0098180134
             14   0.0091469970
             13   0.0084610054
             12   0.0078207692
             11   0.0071414223
             10   0.0065165667
              9   0.0058658677
              8   0.0051866066
              7   0.0045297901
              6   0.0038437097
              5   0.0032405583
              4   0.0025863141
              3   0.0019474625
              2   0.0012876874
              1  0.00064939716
