            500      3.1929431
            499      2.8859550
            498      2.7281673
            497      2.6211337
            496      2.5390198
            495      2.4731666
            494      2.4173979
            493      2.3694332
            492      2.3263500
            491      2.2877011
            490      2.2531272
            489      2.2212612
            488      2.1923259
            487      2.1651462
            486      2.1398091
            485      2.1158129
            484      2.0937172
            483      2.0725192
            482      2.0523101
            481      2.0332310
            480      2.0150129
            479      1.9976814
            478      1.9809152
            477      1.9649175
            476      1.9493355
            475      1.9345611
            474      1.9202014
            473      1.9065876
            472      1.8931251
            471      1.8798605
            470      1.8672145
            469      1.8550081
            468      1.8430603
            467      1.8315905
            466      1.8204821
            465      1.8095007
            464      1.7988720
            463      1.7884007
            462      1.7781429
            461      1.7682812
            460      1.7583916
            459      1.7487788
            458      1.7394077
            457      1.7302532
            456      1.7214460
            455      1.7123651
            454      1.7036818
            453      1.6952402
            452      1.6868641
            451      1.6786024
            450      1.6707515
            449      1.6627371
            448      1.6550892
            447      1.6474121
            446      1.6398380
            445      1.6324431
            444      1.6251606
            443      1.6179896
            442      1.6109673
            441      1.6040284
            440      1.5972654
            439      1.5905159
            438      1.5837331
            437      1.5771353
            436      1.5706306
            435      1.5642013
            434      1.5579064
            433      1.5516689
            432      1.5454592
            431      1.5393932
            430      1.5333561
            429      1.5273939
            428      1.5215123
            427      1.5157375
            426      1.5099471
            425      1.5043154
            424      1.4986540
            423      1.4931509
            422      1.4877525
            421      1.4822382
            420      1.4769306
            419      1.4715329
            418      1.4662230
            417      1.4611071
            416      1.4559805
            415      1.4508623
            414      1.4458754
            413      1.4408500
            412      1.4358989
            411      1.4309706
            410      1.4259850
            409      1.4212099
            408      1.4164569
            407      1.4117164
            406      1.4068957
            405      1.4021813
            404      1.3976076
            403      1.3930817
            402      1.3885363
            401      1.3840246
            400      1.3794749
            399      1.3749527
            398      1.3705447
            397      1.3662382
            396      1.3618843
            395      1.3575397
            394      1.3531548
            393      1.3489233
            392      1.3446620
            391      1.3405089
            390      1.3363560
            389      1.3321632
            388      1.3280490
            387      1.3240193
            386      1.3199055
            385      1.3158766
            384      1.3118335
            383      1.3078573
            382      1.3038926
            381      1.2999769
            380      1.2961250
            379      1.2922616
            378      1.2884005
            377      1.2845385
            376      1.2807499
            375      1.2769770
            374      1.2732117
            373      1.2694747
            372      1.2657601
            371      1.2620626
            370      1.2584099
            369      1.2548386
            368      1.2512269
            367      1.2476396
            366      1.2440685
            365      1.2406142
            364      1.2370746
            363      1.2335656
            362      1.2300191
            361      1.2265320
            360      1.2230488
            359      1.2196729
            358      1.2162118
            357      1.2127811
            356      1.2094524
            355      1.2060879
            354      1.2027660
            353      1.1993622
            352      1.1960635
            351      1.1927706
            350      1.1895046
            349      1.1862055
            348      1.1829446
            347      1.1796381
            346      1.1763704
            345      1.1731349
            344      1.1699580
            343      1.1667503
            342      1.1635194
            341      1.1603645
            340      1.1572373
            339      1.1541102
            338      1.1509928
            337      1.1479152
            336      1.1448421
            335      1.1417649
            334      1.1387250
            333      1.1356722
            332      1.1326046
            331      1.1295533
            330      1.1265542
            329      1.1235210
            328      1.1205330
            327      1.1175277
            326      1.1145492
            325      1.1116060
            324      1.1086963
            323      1.1057648
            322      1.1028661
            321      1.0999381
            320      1.0970053
            319      1.0941004
            318      1.0911527
            317      1.0882811
            316      1.0853943
            315      1.0825256
            314      1.0796888
            313      1.0768897
            312      1.0740657
            311      1.0712741
            310      1.0684674
            309      1.0657019
            308      1.0629441
            307      1.0602055
            306      1.0574368
            305      1.0547001
            304      1.0519387
            303      1.0491911
            302      1.0464583
            301      1.0437327
            300      1.0410122
            299      1.0382916
            298      1.0356120
            297      1.0328915
            296      1.0302043
            295      1.0275248
            294      1.0248738
            293      1.0222195
            292      1.0195777
            291      1.0169277
            290      1.0143141
            289      1.0116700
            288      1.0090552
            287      1.0064490
            286      1.0038189
            285      1.0012224
            284     0.99863935
            283     0.99605911
            282     0.99353418
            281     0.99097589
            280     0.98840125
            279     0.98582743
            278     0.98323452
            277     0.98067842
            276     0.97811153
            275     0.97554666
            274     0.97301309
            273     0.97048990
            272     0.96796104
            271     0.96546309
            270     0.96295499
            269     0.96044567
            268     0.95795732
            267     0.95545749
            266     0.95296920
            265     0.95051859
            264     0.94803796
            263     0.94555580
            262     0.94310084
            261     0.94062095
            260     0.93816867
            259     0.93577026
            258     0.93335308
            257     0.93090208
            256     0.92848672
            255     0.92602478
            254     0.92355656
            253     0.92114314
            252     0.91875054
            251     0.91636590
            250     0.91394954
            249     0.91154666
            248     0.90914616
            247     0.90678548
            246     0.90441636
            245     0.90203031
            244     0.89966026
            243     0.89726227
            242     0.89491940
            241     0.89253766
            240     0.89018091
            239     0.88781872
            238     0.88544564
            237     0.88307816
            236     0.88074830
            235     0.87843006
            234     0.87608102
            233     0.87372828
            232     0.87137653
            231     0.86899736
            230     0.86666741
            229     0.86435157
            228     0.86202784
            227     0.85974386
            226     0.85740370
            225     0.85511424
            224     0.85277767
            223     0.85047780
            222     0.84821055
            221     0.84591901
            220     0.84363393
            219     0.84130997
            218     0.83901744
            217     0.83671500
            216     0.83446161
            215     0.83220617
            214     0.82985006
            213     0.82761207
            212     0.82535295
            211     0.82308451
            210     0.82081652
            209     0.81860575
            208     0.81635938
            207     0.81410590
            206     0.81181247
            205     0.80956777
            204     0.80730786
            203     0.80501208
            202     0.80274388
            201     0.80047529
            200     0.79824281
            199     0.79600719
            198     0.79376937
            197     0.79145806
            196     0.78924215
            195     0.78702083
            194     0.78475944
            193     0.78252496
            192     0.78026423
            191     0.77803072
            190     0.77583010
            189     0.77361502
            188     0.77140041
            187     0.76917839
            186     0.76694485
            185     0.76473843
            184     0.76254029
            183     0.76034008
            182     0.75811460
            181     0.75589803
            180     0.75364910
            179     0.75147669
            178     0.74921548
            177     0.74697186
            176     0.74475336
            175     0.74254512
            174     0.74030044
            173     0.73807724
            172     0.73583926
            171     0.73361827
            170     0.73138693
            169     0.72917530
            168     0.72692084
            167     0.72473164
            166     0.72250210
            165     0.72028066
            164     0.71806069
            163     0.71581938
            162     0.71357825
            161     0.71133095
            160     0.70909779
            159     0.70691370
            158     0.70466487
            157     0.70242286
            156     0.70016175
            155     0.69792447
            154     0.69567533
            153     0.69341946
            152     0.69118805
            151     0.68888079
            150     0.68663307
            149     0.68437120
            148     0.68214584
            147     0.67989102
            146     0.67767158
            145     0.67544872
            144     0.67322254
            143     0.67094209
            142     0.66871890
            141     0.66645310
            140     0.66415641
            139     0.66193952
            138     0.65969009
            137     0.65742232
            136     0.65516815
            135     0.65286583
            134     0.65058550
            133     0.64830922
            132     0.64602827
            131     0.64372058
            130     0.64142067
            129     0.63917516
            128     0.63689110
            127     0.63458550
            126     0.63229592
            125     0.63001977
            124     0.62768724
            123     0.62537789
            122     0.62304233
            121     0.62066968
            120     0.61835681
            119     0.61598781
            118     0.61366933
            117     0.61137580
            116     0.60899629
            115     0.60662340
            114     0.60428831
            113     0.60194264
            112     0.59963447
            111     0.59727502
            110     0.59491308
            109     0.59261168
            108     0.59024116
            107     0.58788967
            106     0.58547015
            105     0.58308486
            104     0.58072169
            103     0.57832798
            102     0.57586461
            101     0.57346403
            100     0.57104793
             99     0.56863029
             98     0.56620993
             97     0.56380405
             96     0.56137056
             95     0.55891724
             94     0.55649615
             93     0.55402153
             92     0.55154519
             91     0.54906402
             90     0.54661003
             89     0.54412312
             88     0.54165607
             87     0.53917198
             86     0.53668045
             85     0.53414951
             84     0.53157665
             83     0.52907409
             82     0.52648830
             81     0.52393975
             80     0.52134851
             79     0.51878031
             78     0.51613939
             77     0.51352631
             76     0.51093929
             75     0.50828471
             74     0.50562183
             73     0.50294757
             72     0.50023426
             71     0.49757303
             70     0.49491224
             69     0.49215525
             68     0.48941159
             67     0.48666549
             66     0.48389981
             65     0.48106380
             64     0.47823191
             63     0.47542603
             62     0.47256616
             61     0.46970805
             60     0.46683986
             59     0.46394530
             58     0.46102942
             57     0.45813474
             56     0.45515862
             55     0.45216784
             54     0.44914802
             53     0.44615828
             52     0.44308162
             51     0.44003772
             50     0.43689720
             49     0.43373422
             48     0.43054702
             47     0.42741049
             46     0.42418583
             45     0.42095988
             44     0.41768905
             43     0.41433184
             42     0.41098036
             41     0.40759061
             40     0.40423247
             39     0.40075808
             38     0.39722076
             37     0.39364820
             36     0.39003945
             35     0.38632712
             34     0.38263828
             33     0.37888472
             32     0.37506003
             31     0.37119169
             30     0.36719781
             29     0.36318687
             28     0.35906291
             27     0.35488584
             26     0.35066683
             25     0.34622047
             24     0.34182016
             23     0.33727330
             22     0.33269808
             21     0.32794672
             20     0.32311567
             19     0.31811919
             18     0.31297312
             17     0.30755792
             16     0.30200767
             15     0.29632213
             14     0.29032480
             13     0.28410036
             12     0.27768659
             11     0.27069351
             10     0.26338959
              9     0.25576680
              8     0.24746407
              7     0.23850609
              6     0.22873739
              5     0.21755125
              4     0.20473961
              3     0.18956338
              2     0.16992474
              1     0.13932095
