            500      5.5489211
            499      4.7295515
            498      4.3047231
            497      4.0204433
            496      3.7978251
            495      3.6204649
            494      3.4756809
            493      3.3501606
            492      3.2408151
            491      3.1450503
            490      3.0585840
            489      2.9808560
            488      2.9105204
            487      2.8454648
            486      2.7847045
            485      2.7286385
            484      2.6751143
            483      2.6262246
            482      2.5802695
            481      2.5361569
            480      2.4947733
            479      2.4556830
            478      2.4180542
            477      2.3834672
            476      2.3496135
            475      2.3170883
            474      2.2863844
            473      2.2573657
            472      2.2288140
            471      2.2017569
            470      2.1751749
            469      2.1504641
            468      2.1267241
            467      2.1036443
            466      2.0811889
            465      2.0594720
            464      2.0381217
            463      2.0173621
            462      1.9976676
            461      1.9785276
            460      1.9600317
            459      1.9419315
            458      1.9244916
            457      1.9075257
            456      1.8909103
            455      1.8748170
            454      1.8594211
            453      1.8440551
            452      1.8293124
            451      1.8148490
            450      1.8009054
            449      1.7869201
            448      1.7734955
            447      1.7602290
            446      1.7473299
            445      1.7346488
            444      1.7223331
            443      1.7101406
            442      1.6985222
            441      1.6869288
            440      1.6755285
            439      1.6643837
            438      1.6533377
            437      1.6425734
            436      1.6320840
            435      1.6219303
            434      1.6117702
            433      1.6019720
            432      1.5923408
            431      1.5830323
            430      1.5737165
            429      1.5644217
            428      1.5554527
            427      1.5465487
            426      1.5378640
            425      1.5293249
            424      1.5209347
            423      1.5126548
            422      1.5045604
            421      1.4964865
            420      1.4885881
            419      1.4807779
            418      1.4731458
            417      1.4656072
            416      1.4582285
            415      1.4507723
            414      1.4435730
            413      1.4365535
            412      1.4294180
            411      1.4224974
            410      1.4156496
            409      1.4088998
            408      1.4021301
            407      1.3956689
            406      1.3891366
            405      1.3827509
            404      1.3764778
            403      1.3701810
            402      1.3640405
            401      1.3579814
            400      1.3520316
            399      1.3460945
            398      1.3402458
            397      1.3344908
            396      1.3287188
            395      1.3230552
            394      1.3174832
            393      1.3119862
            392      1.3064595
            391      1.3010001
            390      1.2956283
            389      1.2903027
            388      1.2850418
            387      1.2798581
            386      1.2747562
            385      1.2697224
            384      1.2646578
            383      1.2596042
            382      1.2547004
            381      1.2497484
            380      1.2450103
            379      1.2401760
            378      1.2353817
            377      1.2307884
            376      1.2261905
            375      1.2215742
            374      1.2169623
            373      1.2124088
            372      1.2078742
            371      1.2034763
            370      1.1989728
            369      1.1945130
            368      1.1901956
            367      1.1858602
            366      1.1816143
            365      1.1773795
            364      1.1731150
            363      1.1688968
            362      1.1647724
            361      1.1606869
            360      1.1566192
            359      1.1525995
            358      1.1485636
            357      1.1445426
            356      1.1406253
            355      1.1367306
            354      1.1328120
            353      1.1289579
            352      1.1251371
            351      1.1213269
            350      1.1175424
            349      1.1137674
            348      1.1100152
            347      1.1062499
            346      1.1026072
            345      1.0989623
            344      1.0953072
            343      1.0917246
            342      1.0882118
            341      1.0846315
            340      1.0811286
            339      1.0776100
            338      1.0740837
            337      1.0706055
            336      1.0672203
            335      1.0637638
            334      1.0603396
            333      1.0569843
            332      1.0535587
            331      1.0502430
            330      1.0469052
            329      1.0436059
            328      1.0402847
            327      1.0369762
            326      1.0337291
            325      1.0304755
            324      1.0272883
            323      1.0241071
            322      1.0208964
            321      1.0178040
            320      1.0146387
            319      1.0114478
            318      1.0083953
            317      1.0052554
            316      1.0021112
            315     0.99901035
            314     0.99590719
            313     0.99292611
            312     0.98991089
            311     0.98687930
            310     0.98391240
            309     0.98091095
            308     0.97787714
            307     0.97492931
            306     0.97193585
            305     0.96903196
            304     0.96611972
            303     0.96327526
            302     0.96037667
            301     0.95749826
            300     0.95463976
            299     0.95180836
            298     0.94896887
            297     0.94616270
            296     0.94334198
            295     0.94052349
            294     0.93770884
            293     0.93493542
            292     0.93215576
            291     0.92938925
            290     0.92664212
            289     0.92389236
            288     0.92117225
            287     0.91844769
            286     0.91571606
            285     0.91301457
            284     0.91030508
            283     0.90760582
            282     0.90491089
            281     0.90228371
            280     0.89964845
            279     0.89703116
            278     0.89439672
            277     0.89183200
            276     0.88923421
            275     0.88667870
            274     0.88409826
            273     0.88146851
            272     0.87890593
            271     0.87633036
            270     0.87377124
            269     0.87116997
            268     0.86857354
            267     0.86605586
            266     0.86353279
            265     0.86102097
            264     0.85850973
            263     0.85603411
            262     0.85351476
            261     0.85104744
            260     0.84858054
            259     0.84608784
            258     0.84365748
            257     0.84120013
            256     0.83872575
            255     0.83630285
            254     0.83385549
            253     0.83143290
            252     0.82905844
            251     0.82661245
            250     0.82421890
            249     0.82181506
            248     0.81940369
            247     0.81697436
            246     0.81458050
            245     0.81220694
            244     0.80983363
            243     0.80745788
            242     0.80509824
            241     0.80273845
            240     0.80044100
            239     0.79809901
            238     0.79574891
            237     0.79342502
            236     0.79111555
            235     0.78875784
            234     0.78644128
            233     0.78408416
            232     0.78179391
            231     0.77950938
            230     0.77723937
            229     0.77493392
            228     0.77264051
            227     0.77038154
            226     0.76812003
            225     0.76581738
            224     0.76351473
            223     0.76124000
            222     0.75890190
            221     0.75663096
            220     0.75440303
            219     0.75219178
            218     0.74997615
            217     0.74774802
            216     0.74549984
            215     0.74326682
            214     0.74102438
            213     0.73878797
            212     0.73658411
            211     0.73434825
            210     0.73213127
            209     0.72989509
            208     0.72770096
            207     0.72549236
            206     0.72328542
            205     0.72107616
            204     0.71889807
            203     0.71669455
            202     0.71451500
            201     0.71229546
            200     0.71011458
            199     0.70792129
            198     0.70570536
            197     0.70353655
            196     0.70138196
            195     0.69918190
            194     0.69703396
            193     0.69485460
            192     0.69266409
            191     0.69050921
            190     0.68836529
            189     0.68621227
            188     0.68405006
            187     0.68190248
            186     0.67973736
            185     0.67758694
            184     0.67542039
            183     0.67327558
            182     0.67114968
            181     0.66904031
            180     0.66693133
            179     0.66479081
            178     0.66265248
            177     0.66052511
            176     0.65840728
            175     0.65631817
            174     0.65420073
            173     0.65210396
            172     0.64998248
            171     0.64786921
            170     0.64577004
            169     0.64362947
            168     0.64154241
            167     0.63940636
            166     0.63729883
            165     0.63518470
            164     0.63304514
            163     0.63094278
            162     0.62883516
            161     0.62674140
            160     0.62461594
            159     0.62250744
            158     0.62043190
            157     0.61832366
            156     0.61619522
            155     0.61408178
            154     0.61195493
            153     0.60986642
            152     0.60776219
            151     0.60568903
            150     0.60359174
            149     0.60146257
            148     0.59935123
            147     0.59729107
            146     0.59516317
            145     0.59309725
            144     0.59100937
            143     0.58892523
            142     0.58683260
            141     0.58471709
            140     0.58258986
            139     0.58050643
            138     0.57839343
            137     0.57626828
            136     0.57417316
            135     0.57204230
            134     0.56994161
            133     0.56781859
            132     0.56567317
            131     0.56356134
            130     0.56142601
            129     0.55930846
            128     0.55721634
            127     0.55512881
            126     0.55300744
            125     0.55085711
            124     0.54874094
            123     0.54658855
            122     0.54446957
            121     0.54234182
            120     0.54019835
            119     0.53808160
            118     0.53596833
            117     0.53383384
            116     0.53168713
            115     0.52951108
            114     0.52732386
            113     0.52519117
            112     0.52302148
            111     0.52088199
            110     0.51872882
            109     0.51656182
            108     0.51441215
            107     0.51219482
            106     0.51002749
            105     0.50783440
            104     0.50567678
            103     0.50348026
            102     0.50125424
            101     0.49905547
            100     0.49684993
             99     0.49461017
             98     0.49239763
             97     0.49018396
             96     0.48793313
             95     0.48569865
             94     0.48347003
             93     0.48122121
             92     0.47894755
             91     0.47665298
             90     0.47435199
             89     0.47203386
             88     0.46973662
             87     0.46739891
             86     0.46514467
             85     0.46285899
             84     0.46053486
             83     0.45822401
             82     0.45588932
             81     0.45354868
             80     0.45118626
             79     0.44881075
             78     0.44641893
             77     0.44404142
             76     0.44168493
             75     0.43929288
             74     0.43693468
             73     0.43456921
             72     0.43212220
             71     0.42969350
             70     0.42726798
             69     0.42483613
             68     0.42235165
             67     0.41983182
             66     0.41732449
             65     0.41480932
             64     0.41229321
             63     0.40973337
             62     0.40715263
             61     0.40459314
             60     0.40199876
             59     0.39944103
             58     0.39682618
             57     0.39419122
             56     0.39154399
             55     0.38889733
             54     0.38624305
             53     0.38354263
             52     0.38081606
             51     0.37807518
             50     0.37532913
             49     0.37255460
             48     0.36975961
             47     0.36686122
             46     0.36396890
             45     0.36106837
             44     0.35810366
             43     0.35516192
             42     0.35218345
             41     0.34918309
             40     0.34615516
             39     0.34304597
             38     0.33993364
             37     0.33684378
             36     0.33360157
             35     0.33038330
             34     0.32713455
             33     0.32385342
             32     0.32046738
             31     0.31699128
             30     0.31350931
             29     0.30995045
             28     0.30634894
             27     0.30273915
             26     0.29902220
             25     0.29519606
             24     0.29124562
             23     0.28734227
             22     0.28330696
             21     0.27903529
             20     0.27478477
             19     0.27039380
             18     0.26591103
             17     0.26127015
             16     0.25642206
             15     0.25145344
             14     0.24626694
             13     0.24079056
             12     0.23516246
             11     0.22918164
             10     0.22284559
              9     0.21619199
              8     0.20910472
              7     0.20148554
              6     0.19291036
              5     0.18339271
              4     0.17251425
              3     0.15959356
              2     0.14285933
              1     0.11669134
