           1000      6.1251086
            999      5.3225961
            998      4.9052771
            997      4.6211533
            996      4.4026287
            995      4.2296593
            994      4.0831898
            993      3.9562899
            992      3.8471115
            991      3.7486439
            990      3.6609331
            989      3.5801900
            988      3.5078137
            987      3.4404468
            986      3.3781189
            985      3.3199316
            984      3.2656130
            983      3.2155821
            982      3.1679586
            981      3.1219662
            980      3.0786543
            979      3.0376946
            978      2.9993218
            977      2.9622125
            976      2.9259544
            975      2.8915957
            974      2.8585231
            973      2.8271587
            972      2.7969757
            971      2.7676494
            970      2.7390796
            969      2.7122587
            968      2.6861446
            967      2.6606111
            966      2.6362762
            965      2.6123634
            964      2.5894692
            963      2.5669103
            962      2.5454552
            961      2.5245046
            960      2.5037021
            959      2.4838559
            958      2.4645733
            957      2.4454804
            956      2.4267920
            955      2.4087659
            954      2.3910997
            953      2.3736909
            952      2.3571191
            951      2.3407194
            950      2.3249749
            949      2.3094400
            948      2.2938954
            947      2.2786274
            946      2.2637144
            945      2.2492470
            944      2.2353222
            943      2.2213114
            942      2.2077159
            941      2.1943654
            940      2.1811750
            939      2.1683006
            938      2.1557910
            937      2.1433615
            936      2.1311318
            935      2.1192361
            934      2.1074925
            933      2.0961992
            932      2.0849910
            931      2.0739660
            930      2.0631661
            929      2.0526013
            928      2.0419385
            927      2.0314377
            926      2.0212028
            925      2.0110805
            924      2.0011108
            923      1.9913623
            922      1.9818202
            921      1.9724120
            920      1.9630563
            919      1.9536825
            918      1.9447255
            917      1.9358776
            916      1.9270603
            915      1.9184436
            914      1.9098658
            913      1.9014717
            912      1.8932867
            911      1.8850006
            910      1.8770969
            909      1.8691060
            908      1.8613288
            907      1.8535916
            906      1.8459224
            905      1.8383695
            904      1.8309739
            903      1.8236673
            902      1.8165690
            901      1.8094048
            900      1.8023278
            899      1.7953250
            898      1.7884674
            897      1.7817456
            896      1.7750131
            895      1.7683148
            894      1.7617061
            893      1.7552276
            892      1.7487581
            891      1.7423150
            890      1.7360362
            889      1.7297762
            888      1.7235496
            887      1.7174339
            886      1.7113729
            885      1.7053095
            884      1.6994010
            883      1.6935520
            882      1.6877621
            881      1.6821182
            880      1.6764535
            879      1.6708888
            878      1.6654025
            877      1.6599792
            876      1.6545188
            875      1.6491690
            874      1.6438710
            873      1.6386095
            872      1.6333706
            871      1.6282012
            870      1.6231250
            869      1.6181053
            868      1.6130766
            867      1.6080583
            866      1.6031469
            865      1.5982986
            864      1.5934845
            863      1.5886661
            862      1.5838324
            861      1.5790192
            860      1.5743543
            859      1.5697038
            858      1.5650544
            857      1.5605243
            856      1.5560260
            855      1.5516385
            854      1.5473338
            853      1.5429450
            852      1.5385436
            851      1.5343198
            850      1.5300557
            849      1.5257716
            848      1.5216279
            847      1.5175044
            846      1.5133917
            845      1.5092797
            844      1.5052465
            843      1.5012261
            842      1.4971775
            841      1.4931709
            840      1.4892425
            839      1.4853468
            838      1.4815187
            837      1.4776486
            836      1.4738146
            835      1.4700256
            834      1.4662744
            833      1.4625194
            832      1.4587631
            831      1.4550447
            830      1.4513704
            829      1.4477120
            828      1.4441293
            827      1.4405885
            826      1.4370134
            825      1.4333969
            824      1.4299225
            823      1.4263777
            822      1.4229506
            821      1.4195481
            820      1.4161324
            819      1.4127967
            818      1.4094358
            817      1.4061560
            816      1.4027668
            815      1.3994618
            814      1.3961827
            813      1.3930147
            812      1.3897996
            811      1.3866071
            810      1.3833864
            809      1.3802514
            808      1.3770793
            807      1.3739432
            806      1.3708348
            805      1.3677502
            804      1.3646055
            803      1.3615607
            802      1.3585511
            801      1.3555771
            800      1.3525556
            799      1.3495727
            798      1.3465662
            797      1.3435856
            796      1.3406588
            795      1.3377375
            794      1.3348690
            793      1.3320026
            792      1.3290992
            791      1.3263504
            790      1.3235641
            789      1.3207927
            788      1.3179891
            787      1.3151987
            786      1.3124205
            785      1.3096862
            784      1.3069321
            783      1.3042046
            782      1.3014826
            781      1.2988166
            780      1.2961358
            779      1.2934648
            778      1.2908358
            777      1.2882385
            776      1.2856682
            775      1.2830540
            774      1.2804136
            773      1.2778335
            772      1.2752421
            771      1.2727196
            770      1.2702199
            769      1.2677234
            768      1.2652080
            767      1.2627178
            766      1.2602077
            765      1.2577667
            764      1.2552921
            763      1.2528319
            762      1.2504366
            761      1.2480274
            760      1.2456395
            759      1.2432200
            758      1.2408219
            757      1.2384682
            756      1.2361099
            755      1.2337789
            754      1.2314238
            753      1.2290768
            752      1.2267281
            751      1.2243828
            750      1.2220614
            749      1.2198130
            748      1.2175407
            747      1.2152650
            746      1.2130089
            745      1.2107757
            744      1.2085028
            743      1.2062577
            742      1.2040632
            741      1.2018229
            740      1.1996230
            739      1.1974811
            738      1.1952751
            737      1.1930867
            736      1.1909141
            735      1.1887355
            734      1.1865946
            733      1.1844817
            732      1.1823640
            731      1.1802623
            730      1.1781432
            729      1.1760275
            728      1.1739194
            727      1.1718411
            726      1.1697669
            725      1.1677172
            724      1.1656514
            723      1.1635995
            722      1.1615626
            721      1.1595654
            720      1.1575129
            719      1.1554714
            718      1.1534929
            717      1.1515233
            716      1.1495250
            715      1.1475193
            714      1.1455228
            713      1.1435475
            712      1.1415746
            711      1.1396068
            710      1.1376439
            709      1.1357003
            708      1.1337750
            707      1.1318104
            706      1.1298854
            705      1.1279662
            704      1.1260362
            703      1.1241468
            702      1.1222550
            701      1.1203854
            700      1.1185074
            699      1.1166292
            698      1.1147514
            697      1.1128824
            696      1.1110320
            695      1.1091684
            694      1.1073105
            693      1.1054739
            692      1.1036523
            691      1.1018360
            690      1.1000063
            689      1.0982057
            688      1.0964106
            687      1.0945728
            686      1.0927703
            685      1.0909685
            684      1.0891947
            683      1.0874282
            682      1.0856468
            681      1.0838588
            680      1.0820968
            679      1.0803448
            678      1.0785883
            677      1.0768361
            676      1.0751002
            675      1.0733613
            674      1.0716378
            673      1.0699006
            672      1.0681681
            671      1.0664344
            670      1.0647220
            669      1.0630013
            668      1.0613072
            667      1.0595863
            666      1.0579170
            665      1.0561975
            664      1.0545126
            663      1.0528500
            662      1.0511774
            661      1.0495128
            660      1.0478499
            659      1.0461920
            658      1.0445214
            657      1.0428732
            656      1.0412226
            655      1.0395849
            654      1.0379425
            653      1.0363175
            652      1.0346652
            651      1.0330447
            650      1.0314309
            649      1.0298102
            648      1.0281935
            647      1.0266165
            646      1.0250192
            645      1.0234318
            644      1.0218505
            643      1.0202557
            642      1.0186882
            641      1.0171070
            640      1.0155318
            639      1.0139512
            638      1.0123945
            637      1.0108455
            636      1.0092933
            635      1.0077463
            634      1.0061751
            633      1.0046340
            632      1.0030958
            631      1.0015625
            630      1.0000051
            629     0.99845842
            628     0.99689995
            627     0.99537865
            626     0.99384377
            625     0.99230394
            624     0.99079275
            623     0.98926737
            622     0.98775278
            621     0.98626166
            620     0.98476349
            619     0.98327731
            618     0.98177917
            617     0.98032131
            616     0.97884467
            615     0.97736994
            614     0.97588496
            613     0.97440131
            612     0.97294004
            611     0.97148774
            610     0.97001045
            609     0.96853049
            608     0.96707154
            607     0.96559816
            606     0.96415183
            605     0.96267520
            604     0.96120961
            603     0.95978140
            602     0.95834325
            601     0.95690624
            600     0.95546381
            599     0.95403848
            598     0.95263340
            597     0.95121869
            596     0.94978317
            595     0.94837749
            594     0.94697386
            593     0.94556686
            592     0.94416347
            591     0.94274589
            590     0.94134306
            589     0.93996378
            588     0.93855902
            587     0.93716119
            586     0.93577884
            585     0.93439715
            584     0.93302290
            583     0.93163616
            582     0.93025927
            581     0.92886916
            580     0.92751130
            579     0.92613432
            578     0.92476593
            577     0.92339254
            576     0.92200387
            575     0.92063354
            574     0.91927122
            573     0.91792622
            572     0.91656878
            571     0.91525763
            570     0.91390308
            569     0.91256292
            568     0.91120908
            567     0.90985504
            566     0.90852836
            565     0.90721107
            564     0.90589196
            563     0.90456577
            562     0.90324960
            561     0.90192817
            560     0.90061984
            559     0.89926621
            558     0.89795172
            557     0.89662803
            556     0.89529605
            555     0.89398680
            554     0.89269264
            553     0.89140748
            552     0.89010881
            551     0.88880108
            550     0.88748354
            549     0.88618672
            548     0.88487399
            547     0.88357475
            546     0.88226927
            545     0.88097462
            544     0.87968607
            543     0.87841185
            542     0.87711129
            541     0.87583615
            540     0.87453508
            539     0.87323833
            538     0.87194672
            537     0.87067054
            536     0.86940068
            535     0.86814286
            534     0.86686456
            533     0.86561018
            532     0.86434941
            531     0.86310813
            530     0.86181704
            529     0.86055979
            528     0.85931717
            527     0.85805377
            526     0.85682032
            525     0.85558054
            524     0.85431343
            523     0.85306060
            522     0.85182373
            521     0.85057739
            520     0.84933470
            519     0.84810390
            518     0.84685322
            517     0.84561932
            516     0.84437405
            515     0.84314121
            514     0.84191381
            513     0.84068919
            512     0.83948236
            511     0.83825036
            510     0.83703174
            509     0.83580288
            508     0.83458948
            507     0.83338852
            506     0.83214641
            505     0.83093440
            504     0.82972135
            503     0.82850594
            502     0.82729073
            501     0.82608852
            500     0.82489777
            499     0.82370365
            498     0.82250084
            497     0.82129985
            496     0.82009467
            495     0.81890429
            494     0.81771299
            493     0.81651899
            492     0.81532561
            491     0.81410009
            490     0.81289743
            489     0.81172419
            488     0.81052390
            487     0.80933590
            486     0.80816412
            485     0.80696144
            484     0.80577993
            483     0.80460931
            482     0.80341793
            481     0.80225576
            480     0.80111225
            479     0.79991325
            478     0.79873817
            477     0.79755549
            476     0.79638848
            475     0.79520506
            474     0.79403040
            473     0.79288191
            472     0.79174972
            471     0.79058300
            470     0.78939624
            469     0.78822325
            468     0.78706015
            467     0.78590620
            466     0.78474789
            465     0.78359107
            464     0.78243114
            463     0.78128314
            462     0.78012455
            461     0.77896624
            460     0.77781899
            459     0.77668508
            458     0.77551083
            457     0.77434717
            456     0.77318003
            455     0.77204162
            454     0.77088436
            453     0.76974464
            452     0.76860334
            451     0.76744573
            450     0.76629770
            449     0.76516949
            448     0.76403956
            447     0.76289630
            446     0.76175975
            445     0.76063722
            444     0.75951748
            443     0.75836756
            442     0.75722862
            441     0.75608994
            440     0.75496281
            439     0.75382848
            438     0.75269756
            437     0.75157663
            436     0.75045928
            435     0.74933639
            434     0.74824074
            433     0.74713296
            432     0.74602845
            431     0.74488272
            430     0.74375667
            429     0.74264453
            428     0.74152696
            427     0.74039384
            426     0.73927658
            425     0.73817952
            424     0.73706511
            423     0.73593941
            422     0.73481860
            421     0.73371511
            420     0.73259839
            419     0.73150581
            418     0.73040014
            417     0.72932182
            416     0.72822642
            415     0.72714148
            414     0.72603893
            413     0.72491009
            412     0.72380734
            411     0.72269503
            410     0.72160590
            409     0.72050896
            408     0.71940428
            407     0.71830577
            406     0.71721269
            405     0.71612660
            404     0.71503290
            403     0.71392905
            402     0.71282555
            401     0.71174229
            400     0.71066286
            399     0.70959133
            398     0.70848783
            397     0.70739101
            396     0.70629996
            395     0.70522797
            394     0.70415748
            393     0.70305656
            392     0.70195542
            391     0.70086384
            390     0.69978120
            389     0.69870606
            388     0.69762263
            387     0.69653733
            386     0.69544809
            385     0.69437988
            384     0.69328760
            383     0.69220743
            382     0.69113344
            381     0.69005847
            380     0.68897494
            379     0.68790681
            378     0.68682997
            377     0.68575796
            376     0.68466814
            375     0.68360028
            374     0.68251237
            373     0.68142931
            372     0.68038742
            371     0.67932533
            370     0.67824877
            369     0.67717024
            368     0.67610545
            367     0.67502696
            366     0.67395723
            365     0.67289480
            364     0.67183487
            363     0.67077736
            362     0.66970584
            361     0.66862833
            360     0.66755741
            359     0.66647342
            358     0.66539548
            357     0.66432903
            356     0.66326408
            355     0.66216862
            354     0.66111309
            353     0.66003664
            352     0.65896429
            351     0.65790421
            350     0.65682121
            349     0.65575626
            348     0.65469173
            347     0.65364169
            346     0.65256503
            345     0.65152273
            344     0.65046306
            343     0.64941177
            342     0.64835619
            341     0.64730728
            340     0.64622662
            339     0.64517691
            338     0.64412383
            337     0.64307236
            336     0.64202657
            335     0.64095823
            334     0.63990239
            333     0.63884117
            332     0.63778542
            331     0.63674591
            330     0.63570682
            329     0.63464752
            328     0.63360420
            327     0.63255149
            326     0.63149604
            325     0.63044962
            324     0.62941148
            323     0.62835724
            322     0.62730729
            321     0.62624608
            320     0.62518040
            319     0.62411415
            318     0.62305450
            317     0.62200130
            316     0.62095627
            315     0.61989394
            314     0.61883940
            313     0.61777314
            312     0.61671194
            311     0.61565060
            310     0.61458111
            309     0.61354300
            308     0.61247481
            307     0.61141803
            306     0.61037197
            305     0.60930609
            304     0.60824081
            303     0.60719335
            302     0.60612217
            301     0.60506650
            300     0.60401176
            299     0.60295116
            298     0.60191540
            297     0.60086797
            296     0.59981483
            295     0.59876862
            294     0.59772515
            293     0.59666822
            292     0.59562210
            291     0.59456482
            290     0.59351137
            289     0.59246510
            288     0.59140957
            287     0.59035387
            286     0.58929587
            285     0.58823125
            284     0.58718108
            283     0.58612094
            282     0.58505068
            281     0.58399590
            280     0.58294528
            279     0.58189184
            278     0.58081719
            277     0.57975281
            276     0.57870075
            275     0.57765572
            274     0.57660313
            273     0.57553324
            272     0.57446533
            271     0.57339225
            270     0.57233643
            269     0.57127371
            268     0.57023572
            267     0.56917728
            266     0.56811549
            265     0.56705076
            264     0.56599523
            263     0.56493338
            262     0.56386701
            261     0.56280272
            260     0.56173900
            259     0.56069226
            258     0.55964993
            257     0.55860054
            256     0.55753096
            255     0.55646040
            254     0.55539598
            253     0.55433499
            252     0.55328441
            251     0.55221702
            250     0.55115404
            249     0.55007091
            248     0.54900645
            247     0.54792749
            246     0.54686286
            245     0.54578030
            244     0.54470202
            243     0.54364586
            242     0.54256265
            241     0.54149302
            240     0.54040796
            239     0.53932669
            238     0.53825936
            237     0.53720644
            236     0.53612094
            235     0.53503423
            234     0.53397275
            233     0.53289618
            232     0.53181761
            231     0.53073834
            230     0.52965705
            229     0.52858848
            228     0.52750165
            227     0.52642051
            226     0.52533245
            225     0.52424722
            224     0.52317307
            223     0.52209489
            222     0.52102119
            221     0.51994468
            220     0.51887125
            219     0.51778413
            218     0.51669819
            217     0.51560118
            216     0.51450825
            215     0.51339934
            214     0.51232163
            213     0.51123810
            212     0.51014080
            211     0.50903262
            210     0.50793473
            209     0.50685439
            208     0.50575183
            207     0.50464733
            206     0.50355176
            205     0.50246473
            204     0.50136025
            203     0.50025105
            202     0.49914652
            201     0.49802964
            200     0.49691505
            199     0.49580867
            198     0.49471878
            197     0.49358837
            196     0.49247879
            195     0.49135915
            194     0.49024351
            193     0.48913251
            192     0.48802403
            191     0.48690272
            190     0.48579501
            189     0.48467267
            188     0.48354969
            187     0.48242913
            186     0.48130270
            185     0.48016265
            184     0.47901816
            183     0.47788852
            182     0.47676597
            181     0.47562897
            180     0.47450459
            179     0.47337001
            178     0.47222320
            177     0.47107348
            176     0.46992162
            175     0.46879331
            174     0.46764132
            173     0.46649847
            172     0.46534245
            171     0.46418538
            170     0.46303602
            169     0.46186483
            168     0.46071613
            167     0.45956304
            166     0.45838851
            165     0.45722623
            164     0.45606048
            163     0.45488827
            162     0.45372294
            161     0.45256868
            160     0.45140053
            159     0.45021630
            158     0.44904339
            157     0.44787068
            156     0.44669665
            155     0.44550948
            154     0.44433643
            153     0.44314555
            152     0.44195389
            151     0.44075157
            150     0.43953190
            149     0.43833751
            148     0.43711089
            147     0.43589251
            146     0.43467796
            145     0.43348513
            144     0.43226166
            143     0.43102912
            142     0.42982327
            141     0.42860036
            140     0.42737324
            139     0.42614257
            138     0.42492752
            137     0.42369914
            136     0.42249706
            135     0.42125702
            134     0.42001312
            133     0.41876266
            132     0.41749841
            131     0.41623304
            130     0.41498618
            129     0.41374394
            128     0.41246949
            127     0.41120244
            126     0.40994815
            125     0.40867823
            124     0.40738390
            123     0.40609462
            122     0.40481163
            121     0.40348683
            120     0.40219230
            119     0.40089357
            118     0.39959861
            117     0.39829517
            116     0.39696464
            115     0.39565236
            114     0.39432980
            113     0.39301002
            112     0.39169463
            111     0.39035920
            110     0.38901093
            109     0.38768227
            108     0.38633296
            107     0.38500784
            106     0.38366400
            105     0.38228831
            104     0.38094703
            103     0.37956706
            102     0.37817946
            101     0.37679914
            100     0.37539945
             99     0.37402388
             98     0.37259749
             97     0.37117891
             96     0.36976225
             95     0.36835967
             94     0.36693958
             93     0.36551786
             92     0.36409249
             91     0.36265362
             90     0.36120504
             89     0.35973205
             88     0.35828565
             87     0.35682397
             86     0.35533589
             85     0.35385952
             84     0.35238726
             83     0.35089213
             82     0.34939118
             81     0.34786956
             80     0.34633407
             79     0.34479999
             78     0.34329342
             77     0.34173169
             76     0.34015773
             75     0.33858463
             74     0.33701867
             73     0.33541090
             72     0.33381385
             71     0.33221913
             70     0.33061304
             69     0.32897587
             68     0.32732950
             67     0.32564377
             66     0.32399717
             65     0.32232765
             64     0.32061710
             63     0.31891873
             62     0.31720350
             61     0.31546777
             60     0.31373263
             59     0.31196742
             58     0.31018587
             57     0.30838632
             56     0.30655162
             55     0.30477715
             54     0.30296989
             53     0.30112864
             52     0.29923311
             51     0.29731898
             50     0.29540596
             49     0.29346535
             48     0.29150991
             47     0.28953885
             46     0.28755372
             45     0.28550875
             44     0.28350621
             43     0.28146173
             42     0.27936381
             41     0.27724278
             40     0.27508670
             39     0.27291382
             38     0.27069021
             37     0.26842856
             36     0.26619536
             35     0.26388759
             34     0.26155966
             33     0.25914883
             32     0.25670483
             31     0.25428372
             30     0.25178157
             29     0.24926662
             28     0.24667276
             27     0.24402874
             26     0.24131373
             25     0.23854092
             24     0.23571141
             23     0.23276260
             22     0.22972285
             21     0.22667792
             20     0.22351516
             19     0.22025404
             18     0.21687730
             17     0.21342329
             16     0.20982199
             15     0.20610915
             14     0.20225096
             13     0.19817709
             12     0.19398793
             11     0.18944065
             10     0.18460048
              9     0.17950243
              8     0.17399904
              7     0.16797376
              6     0.16128264
              5     0.15391022
              4     0.14540688
              3     0.13504935
              2     0.12163958
              1     0.10064861
