           1000      92.728553
            999      64.874421
            998      49.099242
            997      38.756617
            996      31.991711
            995      27.099251
            994      23.305728
            993      20.438456
            992      18.140728
            991      16.339136
            990      14.764000
            989      13.467538
            988      12.304322
            987      11.344946
            986      10.508139
            985      9.8083466
            984      9.1812006
            983      8.6298032
            982      8.1340080
            981      7.6857388
            980      7.2730325
            979      6.9128869
            978      6.5843951
            977      6.2856453
            976      6.0103358
            975      5.7566516
            974      5.5267413
            973      5.2949933
            972      5.1093804
            971      4.9167025
            970      4.7446676
            969      4.5875240
            968      4.4289547
            967      4.2790143
            966      4.1415366
            965      4.0115964
            964      3.8967848
            963      3.7819886
            962      3.6826265
            961      3.5819104
            960      3.4865268
            959      3.3987958
            958      3.3123737
            957      3.2320654
            956      3.1560104
            955      3.0810414
            954      3.0076657
            953      2.9430510
            952      2.8774439
            951      2.8168749
            950      2.7569550
            949      2.7024140
            948      2.6478880
            947      2.5951900
            946      2.5475871
            945      2.4980361
            944      2.4509833
            943      2.4059875
            942      2.3608468
            941      2.3215717
            940      2.2813718
            939      2.2431486
            938      2.2063275
            937      2.1720028
            936      2.1377225
            935      2.1036781
            934      2.0709415
            933      2.0378883
            932      2.0056813
            931      1.9746863
            930      1.9452154
            929      1.9173457
            928      1.8883894
            927      1.8613407
            926      1.8365349
            925      1.8117014
            924      1.7872227
            923      1.7622176
            922      1.7377504
            921      1.7149727
            920      1.6914891
            919      1.6692576
            918      1.6478132
            917      1.6277751
            916      1.6073520
            915      1.5868698
            914      1.5663717
            913      1.5482087
            912      1.5305714
            911      1.5130447
            910      1.4958664
            909      1.4776809
            908      1.4607116
            907      1.4440460
            906      1.4273639
            905      1.4127575
            904      1.3967775
            903      1.3816361
            902      1.3665289
            901      1.3520329
            900      1.3382250
            899      1.3239032
            898      1.3098029
            897      1.2958743
            896      1.2841212
            895      1.2720901
            894      1.2600021
            893      1.2481836
            892      1.2356100
            891      1.2238184
            890      1.2121747
            889      1.2010011
            888      1.1896474
            887      1.1792581
            886      1.1688630
            885      1.1592123
            884      1.1495794
            883      1.1396714
            882      1.1298148
            881      1.1202786
            880      1.1112298
            879      1.1028882
            878      1.0936241
            877      1.0852829
            876      1.0768543
            875      1.0685211
            874      1.0606014
            873      1.0522713
            872      1.0448126
            871      1.0373086
            870      1.0295865
            869      1.0223165
            868      1.0150288
            867      1.0077032
            866      1.0007069
            865     0.99373732
            864     0.98726994
            863     0.98054535
            862     0.97389645
            861     0.96762809
            860     0.96113667
            859     0.95506611
            858     0.94863192
            857     0.94258353
            856     0.93688947
            855     0.93120845
            854     0.92542553
            853     0.92001039
            852     0.91442853
            851     0.90896504
            850     0.90382512
            849     0.89884477
            848     0.89400667
            847     0.88888382
            846     0.88376423
            845     0.87867111
            844     0.87377155
            843     0.86895034
            842     0.86432674
            841     0.85973069
            840     0.85502295
            839     0.85031951
            838     0.84596815
            837     0.84150527
            836     0.83747498
            835     0.83304396
            834     0.82901577
            833     0.82480415
            832     0.82067379
            831     0.81643628
            830     0.81237831
            829     0.80846053
            828     0.80422523
            827     0.80028727
            826     0.79625428
            825     0.79240622
            824     0.78863314
            823     0.78464843
            822     0.78081776
            821     0.77735571
            820     0.77369006
            819     0.77008773
            818     0.76658452
            817     0.76293990
            816     0.75935610
            815     0.75594905
            814     0.75260867
            813     0.74923493
            812     0.74565741
            811     0.74220109
            810     0.73897317
            809     0.73563013
            808     0.73244145
            807     0.72919588
            806     0.72582011
            805     0.72260028
            804     0.71930916
            803     0.71615976
            802     0.71307653
            801     0.71013168
            800     0.70706224
            799     0.70409727
            798     0.70122258
            797     0.69831673
            796     0.69533538
            795     0.69231315
            794     0.68931451
            793     0.68640418
            792     0.68335610
            791     0.68058169
            790     0.67781826
            789     0.67519506
            788     0.67233781
            787     0.66959235
            786     0.66687522
            785     0.66428903
            784     0.66155785
            783     0.65889348
            782     0.65625030
            781     0.65377976
            780     0.65118955
            779     0.64861740
            778     0.64605088
            777     0.64359869
            776     0.64094712
            775     0.63839839
            774     0.63597575
            773     0.63361852
            772     0.63115110
            771     0.62866561
            770     0.62626498
            769     0.62379691
            768     0.62152965
            767     0.61916240
            766     0.61687329
            765     0.61446526
            764     0.61200068
            763     0.60965971
            762     0.60741583
            761     0.60513979
            760     0.60304397
            759     0.60087086
            758     0.59865048
            757     0.59647665
            756     0.59427192
            755     0.59200521
            754     0.58985294
            753     0.58781532
            752     0.58572416
            751     0.58356077
            750     0.58147608
            749     0.57954108
            748     0.57745723
            747     0.57544161
            746     0.57337602
            745     0.57137110
            744     0.56937328
            743     0.56737452
            742     0.56537296
            741     0.56332814
            740     0.56138923
            739     0.55935272
            738     0.55747512
            737     0.55562045
            736     0.55366666
            735     0.55179241
            734     0.54988039
            733     0.54804561
            732     0.54611308
            731     0.54413817
            730     0.54229438
            729     0.54037721
            728     0.53854798
            727     0.53669247
            726     0.53476744
            725     0.53300294
            724     0.53114056
            723     0.52926822
            722     0.52746537
            721     0.52568965
            720     0.52395494
            719     0.52218352
            718     0.52047876
            717     0.51870695
            716     0.51688576
            715     0.51521927
            714     0.51343632
            713     0.51179010
            712     0.51005704
            711     0.50836034
            710     0.50670452
            709     0.50506890
            708     0.50343849
            707     0.50181247
            706     0.50014373
            705     0.49839962
            704     0.49669650
            703     0.49510143
            702     0.49336950
            701     0.49186884
            700     0.49027516
            699     0.48864940
            698     0.48710200
            697     0.48540369
            696     0.48386753
            695     0.48229567
            694     0.48068194
            693     0.47912123
            692     0.47752924
            691     0.47600741
            690     0.47446626
            689     0.47299762
            688     0.47140094
            687     0.46987071
            686     0.46843593
            685     0.46695601
            684     0.46549903
            683     0.46404886
            682     0.46257778
            681     0.46119450
            680     0.45975629
            679     0.45826485
            678     0.45677665
            677     0.45527395
            676     0.45382237
            675     0.45237129
            674     0.45088843
            673     0.44946574
            672     0.44802861
            671     0.44667467
            670     0.44525471
            669     0.44387765
            668     0.44251148
            667     0.44116029
            666     0.43980788
            665     0.43839984
            664     0.43694160
            663     0.43556968
            662     0.43429279
            661     0.43291759
            660     0.43155862
            659     0.43029226
            658     0.42899831
            657     0.42761199
            656     0.42633743
            655     0.42507762
            654     0.42383327
            653     0.42254864
            652     0.42122859
            651     0.41989600
            650     0.41862954
            649     0.41732412
            648     0.41601251
            647     0.41476115
            646     0.41345470
            645     0.41222974
            644     0.41099341
            643     0.40971438
            642     0.40848585
            641     0.40718720
            640     0.40596491
            639     0.40467970
            638     0.40342767
            637     0.40219707
            636     0.40102401
            635     0.39985171
            634     0.39864461
            633     0.39745758
            632     0.39630157
            631     0.39514717
            630     0.39395697
            629     0.39280163
            628     0.39168434
            627     0.39049530
            626     0.38932246
            625     0.38815985
            624     0.38708718
            623     0.38595956
            622     0.38471945
            621     0.38358982
            620     0.38237137
            619     0.38124966
            618     0.38012470
            617     0.37896861
            616     0.37782015
            615     0.37668822
            614     0.37559375
            613     0.37446822
            612     0.37335054
            611     0.37217223
            610     0.37101784
            609     0.36983497
            608     0.36870144
            607     0.36757750
            606     0.36651613
            605     0.36538063
            604     0.36421851
            603     0.36315217
            602     0.36205712
            601     0.36095665
            600     0.35988492
            599     0.35877325
            598     0.35772452
            597     0.35662242
            596     0.35557270
            595     0.35447305
            594     0.35339800
            593     0.35236886
            592     0.35122867
            591     0.35015842
            590     0.34906639
            589     0.34805092
            588     0.34696410
            587     0.34596091
            586     0.34491976
            585     0.34390046
            584     0.34288218
            583     0.34185482
            582     0.34082872
            581     0.33979068
            580     0.33875529
            579     0.33774372
            578     0.33675514
            577     0.33574766
            576     0.33475249
            575     0.33376867
            574     0.33279731
            573     0.33178353
            572     0.33080476
            571     0.32981219
            570     0.32881988
            569     0.32780787
            568     0.32680670
            567     0.32583385
            566     0.32487221
            565     0.32389030
            564     0.32288888
            563     0.32197139
            562     0.32100403
            561     0.32004828
            560     0.31908675
            559     0.31807158
            558     0.31710177
            557     0.31617601
            556     0.31522603
            555     0.31427924
            554     0.31332212
            553     0.31236016
            552     0.31142869
            551     0.31049592
            550     0.30951868
            549     0.30856790
            548     0.30759728
            547     0.30666411
            546     0.30575275
            545     0.30478690
            544     0.30385220
            543     0.30296019
            542     0.30202502
            541     0.30112123
            540     0.30021125
            539     0.29935909
            538     0.29850187
            537     0.29762210
            536     0.29671300
            535     0.29580277
            534     0.29487562
            533     0.29404113
            532     0.29317414
            531     0.29231021
            530     0.29144040
            529     0.29061077
            528     0.28972075
            527     0.28881445
            526     0.28794323
            525     0.28709571
            524     0.28625331
            523     0.28537486
            522     0.28451460
            521     0.28362719
            520     0.28277500
            519     0.28188216
            518     0.28099749
            517     0.28016389
            516     0.27931075
            515     0.27845601
            514     0.27752935
            513     0.27671634
            512     0.27578175
            511     0.27495819
            510     0.27414164
            509     0.27330605
            508     0.27247257
            507     0.27165792
            506     0.27079854
            505     0.26991213
            504     0.26911167
            503     0.26823372
            502     0.26743529
            501     0.26663464
            500     0.26585410
            499     0.26505698
            498     0.26425878
            497     0.26347881
            496     0.26264574
            495     0.26182182
            494     0.26099439
            493     0.26021112
            492     0.25940169
            491     0.25863780
            490     0.25779236
            489     0.25699364
            488     0.25621383
            487     0.25540635
            486     0.25465039
            485     0.25390055
            484     0.25312627
            483     0.25232372
            482     0.25156062
            481     0.25079491
            480     0.25002740
            479     0.24927542
            478     0.24851625
            477     0.24772997
            476     0.24694919
            475     0.24616264
            474     0.24544013
            473     0.24472149
            472     0.24393184
            471     0.24315749
            470     0.24240431
            469     0.24164718
            468     0.24087138
            467     0.24012571
            466     0.23937633
            465     0.23861212
            464     0.23788125
            463     0.23718172
            462     0.23641746
            461     0.23567859
            460     0.23492568
            459     0.23416090
            458     0.23342839
            457     0.23270792
            456     0.23198688
            455     0.23124953
            454     0.23050981
            453     0.22978167
            452     0.22905311
            451     0.22831126
            450     0.22762270
            449     0.22690452
            448     0.22615671
            447     0.22544458
            446     0.22472700
            445     0.22403024
            444     0.22328836
            443     0.22254657
            442     0.22183833
            441     0.22109422
            440     0.22038152
            439     0.21965979
            438     0.21895372
            437     0.21824845
            436     0.21759174
            435     0.21690407
            434     0.21619215
            433     0.21551767
            432     0.21483358
            431     0.21409114
            430     0.21338352
            429     0.21271277
            428     0.21197919
            427     0.21125952
            426     0.21055836
            425     0.20986393
            424     0.20916203
            423     0.20849641
            422     0.20782924
            421     0.20715434
            420     0.20649839
            419     0.20582364
            418     0.20512409
            417     0.20444404
            416     0.20374354
            415     0.20307316
            414     0.20241917
            413     0.20175922
            412     0.20107309
            411     0.20039574
            410     0.19969246
            409     0.19902330
            408     0.19836248
            407     0.19767131
            406     0.19699318
            405     0.19635690
            404     0.19569295
            403     0.19504731
            402     0.19440750
            401     0.19375405
            400     0.19311280
            399     0.19243269
            398     0.19177623
            397     0.19113567
            396     0.19047291
            395     0.18982693
            394     0.18921492
            393     0.18856644
            392     0.18790080
            391     0.18726286
            390     0.18660833
            389     0.18597603
            388     0.18532457
            387     0.18465017
            386     0.18400974
            385     0.18335748
            384     0.18271980
            383     0.18208586
            382     0.18142887
            381     0.18075807
            380     0.18013195
            379     0.17950142
            378     0.17888320
            377     0.17824784
            376     0.17763482
            375     0.17700456
            374     0.17637292
            373     0.17574266
            372     0.17510921
            371     0.17450237
            370     0.17387250
            369     0.17322621
            368     0.17261826
            367     0.17196732
            366     0.17131072
            365     0.17068040
            364     0.17006116
            363     0.16943130
            362     0.16883607
            361     0.16822304
            360     0.16762873
            359     0.16705489
            358     0.16646000
            357     0.16584997
            356     0.16525684
            355     0.16465168
            354     0.16405040
            353     0.16342662
            352     0.16286765
            351     0.16228531
            350     0.16167086
            349     0.16105997
            348     0.16046502
            347     0.15990298
            346     0.15932415
            345     0.15874514
            344     0.15816300
            343     0.15758101
            342     0.15700687
            341     0.15643209
            340     0.15584284
            339     0.15529292
            338     0.15468953
            337     0.15409424
            336     0.15349501
            335     0.15290266
            334     0.15228581
            333     0.15171463
            332     0.15115765
            331     0.15060131
            330     0.15003420
            329     0.14945568
            328     0.14887073
            327     0.14828635
            326     0.14769963
            325     0.14715138
            324     0.14657619
            323     0.14597871
            322     0.14540788
            321     0.14485050
            320     0.14427387
            319     0.14369082
            318     0.14312528
            317     0.14256958
            316     0.14199849
            315     0.14141546
            314     0.14085123
            313     0.14028917
            312     0.13968149
            311     0.13911431
            310     0.13859351
            309     0.13803239
            308     0.13749702
            307     0.13694804
            306     0.13637003
            305     0.13582696
            304     0.13529185
            303     0.13475324
            302     0.13419380
            301     0.13360538
            300     0.13305038
            299     0.13251077
            298     0.13194976
            297     0.13142750
            296     0.13089538
            295     0.13036280
            294     0.12980428
            293     0.12925961
            292     0.12870718
            291     0.12816707
            290     0.12764443
            289     0.12713203
            288     0.12659088
            287     0.12603911
            286     0.12553901
            285     0.12500677
            284     0.12448623
            283     0.12396981
            282     0.12343855
            281     0.12288686
            280     0.12235045
            279     0.12183740
            278     0.12129639
            277     0.12075143
            276     0.12021513
            275     0.11968595
            274     0.11915503
            273     0.11861029
            272     0.11807425
            271     0.11755535
            270     0.11701486
            269     0.11650539
            268     0.11598912
            267     0.11548655
            266     0.11494319
            265     0.11444159
            264     0.11391996
            263     0.11341799
            262     0.11291567
            261     0.11234934
            260     0.11183486
            259     0.11130739
            258     0.11080685
            257     0.11030274
            256     0.10981628
            255     0.10929284
            254     0.10874465
            253     0.10823706
            252     0.10771722
            251     0.10722457
            250     0.10670912
            249     0.10620752
            248     0.10571326
            247     0.10520377
            246     0.10467194
            245     0.10418358
            244     0.10371043
            243     0.10321040
            242     0.10271545
            241     0.10222082
            240     0.10172398
            239     0.10122511
            238     0.10073807
            237     0.10026437
            236    0.099769697
            235    0.099284740
            234    0.098789560
            233    0.098316631
            232    0.097791368
            231    0.097281135
            230    0.096792987
            229    0.096283607
            228    0.095808326
            227    0.095295104
            226    0.094818977
            225    0.094344466
            224    0.093858066
            223    0.093371016
            222    0.092897587
            221    0.092424454
            220    0.091962188
            219    0.091485245
            218    0.091019901
            217    0.090512075
            216    0.090014966
            215    0.089525319
            214    0.089081752
            213    0.088608043
            212    0.088129460
            211    0.087643950
            210    0.087170168
            209    0.086684856
            208    0.086204556
            207    0.085732479
            206    0.085268269
            205    0.084832683
            204    0.084370527
            203    0.083889573
            202    0.083408452
            201    0.082932700
            200    0.082448735
            199    0.081955722
            198    0.081504337
            197    0.081035455
            196    0.080571527
            195    0.080103319
            194    0.079639835
            193    0.079173525
            192    0.078699257
            191    0.078225615
            190    0.077750564
            189    0.077285734
            188    0.076823126
            187    0.076369594
            186    0.075916178
            185    0.075456807
            184    0.075008499
            183    0.074571206
            182    0.074111503
            181    0.073672662
            180    0.073206001
            179    0.072749585
            178    0.072298187
            177    0.071835880
            176    0.071370822
            175    0.070916322
            174    0.070472546
            173    0.070041370
            172    0.069562388
            171    0.069094169
            170    0.068646725
            169    0.068191178
            168    0.067728257
            167    0.067317111
            166    0.066860769
            165    0.066411159
            164    0.065957016
            163    0.065497579
            162    0.065068186
            161    0.064623785
            160    0.064184654
            159    0.063754679
            158    0.063307286
            157    0.062863530
            156    0.062413399
            155    0.061982526
            154    0.061544416
            153    0.061094421
            152    0.060676868
            151    0.060235597
            150    0.059812548
            149    0.059380445
            148    0.058927810
            147    0.058519453
            146    0.058083070
            145    0.057625167
            144    0.057206482
            143    0.056757962
            142    0.056323537
            141    0.055866760
            140    0.055457637
            139    0.055027078
            138    0.054603452
            137    0.054177483
            136    0.053753254
            135    0.053323301
            134    0.052903068
            133    0.052486095
            132    0.052036786
            131    0.051619401
            130    0.051164714
            129    0.050730482
            128    0.050286737
            127    0.049843407
            126    0.049423971
            125    0.049005493
            124    0.048562057
            123    0.048137143
            122    0.047728516
            121    0.047287744
            120    0.046858188
            119    0.046455850
            118    0.046007391
            117    0.045602159
            116    0.045189878
            115    0.044771917
            114    0.044372801
            113    0.043958808
            112    0.043560076
            111    0.043139963
            110    0.042736851
            109    0.042323360
            108    0.041919405
            107    0.041508551
            106    0.041089704
            105    0.040689763
            104    0.040280150
            103    0.039875596
            102    0.039469688
            101    0.039080371
            100    0.038655763
             99    0.038271018
             98    0.037838403
             97    0.037433674
             96    0.037038360
             95    0.036635795
             94    0.036234193
             93    0.035830405
             92    0.035419836
             91    0.035000809
             90    0.034592764
             89    0.034184795
             88    0.033796841
             87    0.033388277
             86    0.032987680
             85    0.032587701
             84    0.032181041
             83    0.031791086
             82    0.031365920
             81    0.030961376
             80    0.030551207
             79    0.030157361
             78    0.029751574
             77    0.029347948
             76    0.028960625
             75    0.028543609
             74    0.028154138
             73    0.027772750
             72    0.027379923
             71    0.027000257
             70    0.026620846
             69    0.026215093
             68    0.025843448
             67    0.025431138
             66    0.025016601
             65    0.024627733
             64    0.024227205
             63    0.023834601
             62    0.023438046
             61    0.023075423
             60    0.022662872
             59    0.022262919
             58    0.021876667
             57    0.021496142
             56    0.021096403
             55    0.020713252
             54    0.020315241
             53    0.019903045
             52    0.019517615
             51    0.019112416
             50    0.018744742
             49    0.018366591
             48    0.017959499
             47    0.017588474
             46    0.017222037
             45    0.016856125
             44    0.016475743
             43    0.016072334
             42    0.015669543
             41    0.015295797
             40    0.014922848
             39    0.014551412
             38    0.014183233
             37    0.013780205
             36    0.013417638
             35    0.013053069
             34    0.012683328
             33    0.012312684
             32    0.011931155
             31    0.011528029
             30    0.011153336
             29    0.010770949
             28    0.010394257
             27    0.010001645
             26   0.0096183134
             25   0.0092317614
             24   0.0088571553
             23   0.0084856484
             22   0.0081074078
             21   0.0077262055
             20   0.0073488071
             19   0.0069941389
             18   0.0066286494
             17   0.0062496859
             16   0.0058736598
             15   0.0055053811
             14   0.0051380989
             13   0.0047833140
             12   0.0044032224
             11   0.0040420815
             10   0.0036901144
              9   0.0033208995
              8   0.0029498802
              7   0.0025818169
              6   0.0022149082
              5   0.0018195374
              4   0.0014626402
              3   0.0010968254
              2  0.00073594214
              1  0.00037665088
