           1000      6.1518899
            999      5.3473043
            998      4.9079440
            997      4.6117091
            996      4.3989208
            995      4.2188809
            994      4.0768292
            993      3.9488684
            992      3.8444411
            991      3.7479353
            990      3.6625466
            989      3.5840418
            988      3.5122380
            987      3.4440308
            986      3.3817882
            985      3.3229284
            984      3.2668709
            983      3.2176235
            982      3.1694671
            981      3.1231583
            980      3.0798844
            979      3.0381941
            978      3.0007258
            977      2.9616885
            976      2.9276156
            975      2.8921064
            974      2.8611352
            973      2.8281429
            972      2.7973218
            971      2.7689630
            970      2.7410529
            969      2.7126971
            968      2.6868140
            967      2.6607745
            966      2.6359685
            965      2.6120030
            964      2.5885625
            963      2.5672967
            962      2.5469793
            961      2.5258018
            960      2.5056310
            959      2.4859436
            958      2.4669413
            957      2.4482847
            956      2.4297165
            955      2.4115801
            954      2.3937080
            953      2.3761024
            952      2.3576736
            951      2.3418050
            950      2.3254202
            949      2.3099055
            948      2.2945665
            947      2.2804047
            946      2.2653548
            945      2.2517656
            944      2.2373406
            943      2.2230498
            942      2.2086969
            941      2.1955293
            940      2.1830401
            939      2.1702259
            938      2.1575853
            937      2.1448924
            936      2.1326472
            935      2.1207032
            934      2.1088092
            933      2.0979241
            932      2.0870499
            931      2.0756623
            930      2.0647809
            929      2.0542872
            928      2.0436750
            927      2.0335326
            926      2.0233287
            925      2.0129216
            924      2.0033991
            923      1.9936708
            922      1.9839657
            921      1.9744769
            920      1.9651735
            919      1.9555783
            918      1.9464973
            917      1.9374893
            916      1.9287790
            915      1.9204586
            914      1.9115247
            913      1.9036989
            912      1.8954625
            911      1.8873133
            910      1.8792258
            909      1.8715610
            908      1.8635747
            907      1.8555790
            906      1.8475827
            905      1.8402551
            904      1.8329048
            903      1.8252582
            902      1.8176091
            901      1.8103467
            900      1.8029907
            899      1.7958241
            898      1.7890276
            897      1.7822072
            896      1.7753308
            895      1.7685557
            894      1.7622279
            893      1.7553733
            892      1.7488769
            891      1.7423628
            890      1.7361626
            889      1.7301500
            888      1.7241384
            887      1.7176120
            886      1.7115720
            885      1.7056930
            884      1.6996148
            883      1.6935588
            882      1.6875821
            881      1.6816281
            880      1.6757193
            879      1.6698288
            878      1.6644582
            877      1.6592082
            876      1.6540021
            875      1.6485964
            874      1.6433391
            873      1.6379069
            872      1.6327001
            871      1.6276656
            870      1.6224662
            869      1.6172107
            868      1.6122076
            867      1.6073522
            866      1.6024598
            865      1.5977176
            864      1.5929451
            863      1.5881591
            862      1.5833023
            861      1.5785599
            860      1.5738585
            859      1.5692678
            858      1.5647524
            857      1.5601555
            856      1.5554914
            855      1.5512322
            854      1.5468489
            853      1.5422409
            852      1.5377566
            851      1.5334031
            850      1.5291007
            849      1.5249275
            848      1.5206090
            847      1.5166612
            846      1.5126194
            845      1.5082680
            844      1.5041369
            843      1.5002163
            842      1.4962741
            841      1.4924597
            840      1.4886681
            839      1.4848012
            838      1.4810884
            837      1.4772184
            836      1.4733036
            835      1.4695552
            834      1.4658218
            833      1.4620476
            832      1.4584033
            831      1.4547238
            830      1.4511384
            829      1.4475890
            828      1.4438434
            827      1.4402959
            826      1.4368216
            825      1.4332814
            824      1.4298028
            823      1.4265318
            822      1.4231200
            821      1.4197913
            820      1.4163270
            819      1.4128705
            818      1.4094366
            817      1.4058888
            816      1.4024994
            815      1.3989753
            814      1.3957599
            813      1.3924909
            812      1.3894720
            811      1.3862587
            810      1.3832784
            809      1.3800705
            808      1.3768720
            807      1.3738294
            806      1.3709057
            805      1.3677946
            804      1.3645963
            803      1.3615957
            802      1.3585828
            801      1.3557154
            800      1.3527563
            799      1.3498656
            798      1.3469688
            797      1.3440901
            796      1.3411614
            795      1.3381857
            794      1.3353846
            793      1.3325633
            792      1.3296966
            791      1.3267047
            790      1.3238528
            789      1.3210110
            788      1.3180798
            787      1.3152788
            786      1.3123640
            785      1.3097240
            784      1.3070595
            783      1.3044199
            782      1.3017963
            781      1.2990194
            780      1.2963113
            779      1.2936154
            778      1.2909548
            777      1.2883062
            776      1.2855977
            775      1.2829199
            774      1.2803354
            773      1.2777068
            772      1.2752498
            771      1.2727415
            770      1.2701341
            769      1.2676506
            768      1.2650715
            767      1.2626212
            766      1.2601534
            765      1.2577741
            764      1.2553716
            763      1.2528363
            762      1.2505641
            761      1.2481483
            760      1.2456427
            759      1.2432983
            758      1.2408875
            757      1.2386583
            756      1.2362906
            755      1.2339739
            754      1.2316192
            753      1.2293894
            752      1.2271459
            751      1.2247551
            750      1.2224752
            749      1.2201530
            748      1.2178168
            747      1.2155134
            746      1.2132156
            745      1.2109596
            744      1.2087325
            743      1.2065440
            742      1.2043627
            741      1.2020728
            740      1.1998555
            739      1.1977555
            738      1.1955510
            737      1.1933472
            736      1.1911942
            735      1.1890198
            734      1.1868417
            733      1.1846527
            732      1.1824991
            731      1.1804145
            730      1.1783050
            729      1.1761964
            728      1.1741221
            727      1.1719817
            726      1.1700277
            725      1.1678714
            724      1.1657833
            723      1.1637360
            722      1.1617328
            721      1.1596618
            720      1.1576584
            719      1.1556173
            718      1.1536519
            717      1.1516121
            716      1.1495003
            715      1.1473639
            714      1.1453139
            713      1.1433617
            712      1.1412457
            711      1.1393172
            710      1.1373951
            709      1.1355314
            708      1.1335038
            707      1.1315804
            706      1.1296440
            705      1.1277249
            704      1.1258736
            703      1.1240127
            702      1.1222235
            701      1.1203257
            700      1.1184840
            699      1.1166802
            698      1.1147695
            697      1.1128224
            696      1.1109918
            695      1.1090740
            694      1.1072377
            693      1.1054165
            692      1.1035147
            691      1.1017006
            690      1.0997580
            689      1.0978604
            688      1.0960853
            687      1.0943355
            686      1.0925854
            685      1.0907826
            684      1.0890503
            683      1.0872319
            682      1.0854406
            681      1.0836882
            680      1.0819935
            679      1.0803404
            678      1.0785450
            677      1.0768406
            676      1.0751390
            675      1.0733387
            674      1.0716307
            673      1.0699502
            672      1.0681795
            671      1.0664728
            670      1.0647826
            669      1.0631195
            668      1.0614036
            667      1.0596212
            666      1.0578718
            665      1.0561863
            664      1.0544283
            663      1.0526721
            662      1.0509896
            661      1.0493215
            660      1.0476662
            659      1.0459173
            658      1.0442276
            657      1.0425349
            656      1.0408363
            655      1.0391585
            654      1.0374207
            653      1.0357134
            652      1.0340693
            651      1.0324131
            650      1.0308362
            649      1.0292044
            648      1.0275638
            647      1.0258106
            646      1.0241540
            645      1.0225268
            644      1.0209450
            643      1.0194113
            642      1.0178638
            641      1.0163002
            640      1.0147053
            639      1.0131133
            638      1.0115590
            637      1.0099944
            636      1.0083792
            635      1.0067665
            634      1.0051905
            633      1.0035701
            632      1.0020974
            631      1.0005895
            630     0.99905620
            629     0.99752895
            628     0.99604544
            627     0.99454159
            626     0.99308906
            625     0.99159459
            624     0.99006642
            623     0.98856676
            622     0.98703342
            621     0.98557389
            620     0.98417474
            619     0.98265601
            618     0.98118793
            617     0.97970061
            616     0.97819593
            615     0.97674587
            614     0.97533240
            613     0.97385422
            612     0.97239736
            611     0.97095770
            610     0.96944588
            609     0.96799538
            608     0.96655483
            607     0.96512630
            606     0.96361889
            605     0.96219484
            604     0.96074299
            603     0.95926754
            602     0.95780374
            601     0.95644782
            600     0.95506170
            599     0.95366673
            598     0.95223646
            597     0.95082342
            596     0.94940512
            595     0.94795969
            594     0.94660166
            593     0.94521497
            592     0.94380794
            591     0.94241491
            590     0.94098013
            589     0.93952498
            588     0.93809701
            587     0.93672293
            586     0.93534513
            585     0.93397312
            584     0.93258270
            583     0.93122309
            582     0.92984121
            581     0.92838309
            580     0.92699194
            579     0.92557916
            578     0.92416831
            577     0.92274903
            576     0.92145926
            575     0.92010445
            574     0.91877054
            573     0.91737509
            572     0.91605979
            571     0.91466509
            570     0.91334116
            569     0.91202367
            568     0.91064151
            567     0.90936654
            566     0.90800490
            565     0.90667137
            564     0.90530569
            563     0.90400659
            562     0.90265977
            561     0.90135169
            560     0.89996251
            559     0.89866319
            558     0.89736814
            557     0.89610587
            556     0.89469232
            555     0.89341569
            554     0.89212870
            553     0.89084876
            552     0.88949787
            551     0.88817793
            550     0.88694031
            549     0.88571553
            548     0.88451167
            547     0.88313435
            546     0.88179808
            545     0.88058280
            544     0.87924273
            543     0.87789657
            542     0.87663035
            541     0.87530618
            540     0.87405473
            539     0.87279110
            538     0.87153107
            537     0.87029715
            536     0.86900290
            535     0.86780247
            534     0.86659495
            533     0.86522824
            532     0.86389883
            531     0.86258766
            530     0.86130345
            529     0.86004294
            528     0.85883089
            527     0.85760213
            526     0.85640854
            525     0.85519030
            524     0.85392683
            523     0.85264451
            522     0.85137151
            521     0.85014157
            520     0.84891635
            519     0.84762980
            518     0.84637370
            517     0.84516128
            516     0.84395990
            515     0.84270367
            514     0.84147382
            513     0.84016365
            512     0.83896929
            511     0.83772477
            510     0.83649319
            509     0.83523030
            508     0.83400803
            507     0.83271615
            506     0.83151635
            505     0.83029130
            504     0.82908878
            503     0.82788709
            502     0.82659198
            501     0.82534179
            500     0.82409396
            499     0.82287781
            498     0.82166513
            497     0.82047280
            496     0.81929868
            495     0.81807318
            494     0.81688274
            493     0.81568825
            492     0.81445034
            491     0.81326890
            490     0.81207585
            489     0.81090236
            488     0.80971458
            487     0.80858543
            486     0.80750216
            485     0.80628551
            484     0.80522884
            483     0.80398838
            482     0.80283215
            481     0.80159510
            480     0.80039339
            479     0.79920675
            478     0.79806747
            477     0.79684487
            476     0.79559682
            475     0.79445818
            474     0.79327400
            473     0.79209584
            472     0.79097565
            471     0.78984771
            470     0.78868633
            469     0.78753151
            468     0.78637939
            467     0.78516797
            466     0.78398705
            465     0.78283189
            464     0.78166834
            463     0.78050224
            462     0.77931784
            461     0.77817339
            460     0.77705388
            459     0.77592172
            458     0.77479708
            457     0.77364282
            456     0.77250675
            455     0.77138008
            454     0.77024332
            453     0.76910576
            452     0.76799278
            451     0.76686459
            450     0.76575858
            449     0.76458706
            448     0.76346291
            447     0.76237259
            446     0.76121367
            445     0.76010212
            444     0.75897177
            443     0.75779050
            442     0.75666193
            441     0.75557697
            440     0.75445468
            439     0.75329113
            438     0.75217913
            437     0.75109930
            436     0.75003523
            435     0.74895970
            434     0.74780351
            433     0.74672642
            432     0.74560028
            431     0.74441476
            430     0.74328910
            429     0.74209467
            428     0.74090409
            427     0.73977379
            426     0.73868808
            425     0.73761359
            424     0.73658189
            423     0.73549031
            422     0.73435767
            421     0.73326738
            420     0.73219615
            419     0.73107144
            418     0.72991756
            417     0.72885245
            416     0.72775615
            415     0.72668265
            414     0.72561918
            413     0.72450197
            412     0.72340480
            411     0.72235647
            410     0.72126003
            409     0.72020819
            408     0.71910129
            407     0.71797964
            406     0.71689233
            405     0.71579684
            404     0.71472109
            403     0.71364737
            402     0.71259712
            401     0.71148578
            400     0.71037034
            399     0.70930688
            398     0.70812442
            397     0.70702592
            396     0.70598213
            395     0.70489062
            394     0.70386401
            393     0.70270615
            392     0.70154873
            391     0.70047929
            390     0.69938024
            389     0.69828055
            388     0.69724261
            387     0.69619682
            386     0.69514010
            385     0.69401458
            384     0.69291247
            383     0.69182942
            382     0.69080978
            381     0.68967989
            380     0.68854403
            379     0.68742686
            378     0.68637298
            377     0.68531213
            376     0.68417231
            375     0.68314514
            374     0.68209923
            373     0.68102932
            372     0.67996287
            371     0.67896358
            370     0.67785162
            369     0.67679690
            368     0.67577549
            367     0.67472693
            366     0.67361342
            365     0.67252458
            364     0.67148769
            363     0.67042113
            362     0.66939181
            361     0.66833313
            360     0.66723328
            359     0.66613959
            358     0.66511244
            357     0.66407554
            356     0.66301027
            355     0.66193949
            354     0.66089707
            353     0.65989114
            352     0.65881585
            351     0.65775930
            350     0.65670884
            349     0.65562651
            348     0.65459722
            347     0.65352161
            346     0.65246720
            345     0.65140538
            344     0.65033154
            343     0.64928722
            342     0.64823489
            341     0.64715428
            340     0.64608310
            339     0.64501681
            338     0.64397061
            337     0.64294340
            336     0.64186258
            335     0.64084482
            334     0.63982069
            333     0.63875128
            332     0.63773452
            331     0.63671288
            330     0.63565715
            329     0.63464440
            328     0.63359815
            327     0.63255685
            326     0.63143299
            325     0.63036638
            324     0.62930231
            323     0.62823133
            322     0.62718181
            321     0.62609816
            320     0.62512467
            319     0.62407212
            318     0.62298683
            317     0.62195814
            316     0.62088942
            315     0.61986515
            314     0.61874831
            313     0.61767664
            312     0.61662029
            311     0.61557749
            310     0.61455364
            309     0.61353264
            308     0.61245864
            307     0.61140939
            306     0.61034842
            305     0.60930816
            304     0.60827060
            303     0.60722353
            302     0.60611076
            301     0.60503879
            300     0.60397048
            299     0.60292737
            298     0.60183415
            297     0.60077146
            296     0.59971783
            295     0.59863448
            294     0.59760050
            293     0.59647755
            292     0.59544547
            291     0.59437318
            290     0.59330979
            289     0.59222073
            288     0.59123965
            287     0.59015382
            286     0.58906362
            285     0.58796885
            284     0.58691577
            283     0.58580862
            282     0.58479339
            281     0.58375005
            280     0.58270183
            279     0.58167901
            278     0.58057586
            277     0.57944496
            276     0.57835655
            275     0.57733978
            274     0.57629757
            273     0.57523701
            272     0.57416593
            271     0.57314195
            270     0.57204355
            269     0.57098737
            268     0.56988367
            267     0.56885638
            266     0.56779917
            265     0.56674664
            264     0.56568600
            263     0.56464314
            262     0.56358593
            261     0.56250943
            260     0.56146509
            259     0.56048747
            258     0.55945137
            257     0.55838300
            256     0.55730413
            255     0.55623184
            254     0.55515883
            253     0.55409231
            252     0.55301816
            251     0.55191297
            250     0.55085279
            249     0.54977347
            248     0.54868476
            247     0.54764089
            246     0.54657227
            245     0.54548364
            244     0.54443224
            243     0.54333701
            242     0.54223426
            241     0.54116139
            240     0.54008925
            239     0.53904092
            238     0.53792582
            237     0.53687481
            236     0.53578211
            235     0.53468487
            234     0.53362181
            233     0.53259208
            232     0.53152348
            231     0.53045885
            230     0.52931317
            229     0.52823296
            228     0.52718998
            227     0.52608952
            226     0.52503821
            225     0.52391936
            224     0.52283438
            223     0.52171174
            222     0.52062557
            221     0.51958512
            220     0.51848762
            219     0.51744485
            218     0.51638954
            217     0.51525267
            216     0.51418728
            215     0.51305648
            214     0.51203113
            213     0.51094532
            212     0.50983854
            211     0.50868449
            210     0.50759158
            209     0.50647054
            208     0.50540125
            207     0.50436215
            206     0.50324961
            205     0.50218257
            204     0.50100448
            203     0.49987856
            202     0.49878766
            201     0.49771232
            200     0.49659967
            199     0.49553510
            198     0.49446328
            197     0.49336345
            196     0.49225955
            195     0.49117342
            194     0.49009009
            193     0.48900097
            192     0.48788041
            191     0.48673215
            190     0.48562896
            189     0.48448795
            188     0.48337132
            187     0.48224457
            186     0.48111098
            185     0.47999440
            184     0.47892916
            183     0.47776756
            182     0.47662507
            181     0.47547660
            180     0.47433604
            179     0.47317354
            178     0.47208926
            177     0.47097132
            176     0.46982801
            175     0.46864719
            174     0.46742688
            173     0.46626927
            172     0.46511910
            171     0.46396528
            170     0.46284098
            169     0.46172716
            168     0.46055640
            167     0.45945382
            166     0.45829728
            165     0.45714737
            164     0.45597949
            163     0.45477536
            162     0.45367089
            161     0.45256882
            160     0.45134497
            159     0.45014223
            158     0.44900421
            157     0.44784354
            156     0.44663643
            155     0.44545900
            154     0.44425670
            153     0.44303924
            152     0.44182489
            151     0.44063431
            150     0.43944429
            149     0.43823140
            148     0.43706395
            147     0.43588382
            146     0.43470104
            145     0.43355834
            144     0.43234803
            143     0.43114338
            142     0.42992594
            141     0.42871258
            140     0.42753754
            139     0.42634487
            138     0.42511337
            137     0.42385388
            136     0.42263287
            135     0.42145497
            134     0.42021193
            133     0.41898592
            132     0.41774417
            131     0.41657238
            130     0.41534715
            129     0.41414169
            128     0.41287900
            127     0.41165825
            126     0.41040516
            125     0.40915466
            124     0.40789079
            123     0.40663044
            122     0.40533623
            121     0.40402699
            120     0.40272688
            119     0.40142168
            118     0.40005665
            117     0.39882681
            116     0.39761854
            115     0.39630498
            114     0.39505687
            113     0.39367892
            112     0.39229435
            111     0.39099371
            110     0.38975628
            109     0.38841034
            108     0.38704297
            107     0.38559153
            106     0.38426894
            105     0.38295576
            104     0.38167380
            103     0.38029337
            102     0.37891262
            101     0.37753537
            100     0.37612045
             99     0.37475048
             98     0.37331916
             97     0.37196236
             96     0.37055327
             95     0.36910312
             94     0.36769504
             93     0.36625905
             92     0.36486083
             91     0.36344920
             90     0.36197435
             89     0.36057002
             88     0.35913816
             87     0.35763717
             86     0.35613448
             85     0.35455846
             84     0.35310781
             83     0.35163062
             82     0.35015897
             81     0.34865189
             80     0.34719723
             79     0.34562669
             78     0.34402083
             77     0.34243342
             76     0.34083068
             75     0.33928006
             74     0.33767692
             73     0.33609386
             72     0.33450201
             71     0.33295906
             70     0.33131683
             69     0.32967503
             68     0.32797040
             67     0.32628732
             66     0.32463295
             65     0.32301733
             64     0.32128655
             63     0.31955946
             62     0.31778233
             61     0.31600153
             60     0.31421725
             59     0.31246261
             58     0.31075247
             57     0.30899312
             56     0.30716336
             55     0.30536363
             54     0.30348142
             53     0.30154772
             52     0.29961264
             51     0.29778604
             50     0.29583304
             49     0.29392966
             48     0.29196345
             47     0.28992550
             46     0.28789429
             45     0.28592041
             44     0.28381593
             43     0.28179212
             42     0.27971251
             41     0.27756070
             40     0.27546645
             39     0.27324174
             38     0.27114674
             37     0.26895959
             36     0.26669961
             35     0.26435379
             34     0.26196966
             33     0.25943664
             32     0.25718456
             31     0.25466431
             30     0.25208803
             29     0.24948823
             28     0.24691900
             27     0.24422659
             26     0.24155692
             25     0.23884456
             24     0.23601824
             23     0.23308630
             22     0.23003645
             21     0.22707645
             20     0.22396745
             19     0.22068175
             18     0.21725070
             17     0.21378914
             16     0.21003719
             15     0.20635053
             14     0.20236205
             13     0.19812909
             12     0.19386109
             11     0.18942683
             10     0.18444915
              9     0.17924612
              8     0.17362853
              7     0.16777481
              6     0.16113782
              5     0.15384269
              4     0.14533987
              3     0.13460225
              2     0.12123196
              1    0.099806050
