            500      8.6399350
            499      7.2295545
            498      6.5268420
            497      6.0520887
            496      5.7101235
            495      5.4341818
            494      5.2018877
            493      5.0048749
            492      4.8308710
            491      4.6782732
            490      4.5395615
            489      4.4140113
            488      4.3005036
            487      4.1943866
            486      4.0958625
            485      4.0058887
            484      3.9207228
            483      3.8418832
            482      3.7666111
            481      3.6945422
            480      3.6273000
            479      3.5634994
            478      3.5022688
            477      3.4423398
            476      3.3862045
            475      3.3321155
            474      3.2803732
            473      3.2307278
            472      3.1817420
            471      3.1350147
            470      3.0896811
            469      3.0467412
            468      3.0048600
            467      2.9642754
            466      2.9257738
            465      2.8868864
            464      2.8499964
            463      2.8141691
            462      2.7792254
            461      2.7450239
            460      2.7121434
            459      2.6804475
            458      2.6490030
            457      2.6183666
            456      2.5891215
            455      2.5602253
            454      2.5327895
            453      2.5049157
            452      2.4774196
            451      2.4510698
            450      2.4252789
            449      2.4002021
            448      2.3754421
            447      2.3506265
            446      2.3266611
            445      2.3029646
            444      2.2800694
            443      2.2573562
            442      2.2355464
            441      2.2140722
            440      2.1930634
            439      2.1720297
            438      2.1514134
            437      2.1317103
            436      2.1117527
            435      2.0923238
            434      2.0730525
            433      2.0543392
            432      2.0357160
            431      2.0176355
            430      2.0001545
            429      1.9823724
            428      1.9647826
            427      1.9477645
            426      1.9308947
            425      1.9142978
            424      1.8979769
            423      1.8819409
            422      1.8663062
            421      1.8504940
            420      1.8351741
            419      1.8199743
            418      1.8049395
            417      1.7902552
            416      1.7757684
            415      1.7613541
            414      1.7470894
            413      1.7329782
            412      1.7193304
            411      1.7055592
            410      1.6921089
            409      1.6788793
            408      1.6658403
            407      1.6527834
            406      1.6400374
            405      1.6275062
            404      1.6150595
            403      1.6026198
            402      1.5905666
            401      1.5785251
            400      1.5667923
            399      1.5549109
            398      1.5434621
            397      1.5319550
            396      1.5202517
            395      1.5089431
            394      1.4977926
            393      1.4866082
            392      1.4757224
            391      1.4651447
            390      1.4545127
            389      1.4442298
            388      1.4338995
            387      1.4237532
            386      1.4136129
            385      1.4035834
            384      1.3936465
            383      1.3839448
            382      1.3741375
            381      1.3644582
            380      1.3549514
            379      1.3453379
            378      1.3358680
            377      1.3266771
            376      1.3174572
            375      1.3084887
            374      1.2995580
            373      1.2905051
            372      1.2817177
            371      1.2730518
            370      1.2644288
            369      1.2559058
            368      1.2473927
            367      1.2390393
            366      1.2306531
            365      1.2223660
            364      1.2143654
            363      1.2063520
            362      1.1983121
            361      1.1902766
            360      1.1823564
            359      1.1745093
            358      1.1667676
            357      1.1591715
            356      1.1515451
            355      1.1439675
            354      1.1365129
            353      1.1291673
            352      1.1218727
            351      1.1145380
            350      1.1074103
            349      1.1003041
            348      1.0932678
            347      1.0861661
            346      1.0791597
            345      1.0721141
            344      1.0654069
            343      1.0586482
            342      1.0520029
            341      1.0452526
            340      1.0386935
            339      1.0321712
            338      1.0256421
            337      1.0192210
            336      1.0128386
            335      1.0064432
            334      1.0001844
            333     0.99386029
            332     0.98755095
            331     0.98149825
            330     0.97550076
            329     0.96955121
            328     0.96352448
            327     0.95754416
            326     0.95151832
            325     0.94572782
            324     0.93985361
            323     0.93395447
            322     0.92812957
            321     0.92244908
            320     0.91688716
            319     0.91123689
            318     0.90564122
            317     0.90010591
            316     0.89470800
            315     0.88931169
            314     0.88391904
            313     0.87855149
            312     0.87325191
            311     0.86787892
            310     0.86261668
            309     0.85735117
            308     0.85211386
            307     0.84694118
            306     0.84179656
            305     0.83672237
            304     0.83167492
            303     0.82672419
            302     0.82178332
            301     0.81678856
            300     0.81179213
            299     0.80700135
            298     0.80216575
            297     0.79733467
            296     0.79256747
            295     0.78789101
            294     0.78307907
            293     0.77839036
            292     0.77374638
            291     0.76908881
            290     0.76437008
            289     0.75967828
            288     0.75505491
            287     0.75051641
            286     0.74595036
            285     0.74145237
            284     0.73695292
            283     0.73253970
            282     0.72812679
            281     0.72370279
            280     0.71928229
            279     0.71494803
            278     0.71060131
            277     0.70636395
            276     0.70208972
            275     0.69788133
            274     0.69370626
            273     0.68954240
            272     0.68537703
            271     0.68118732
            270     0.67702897
            269     0.67295584
            268     0.66882458
            267     0.66474744
            266     0.66071338
            265     0.65671475
            264     0.65275825
            263     0.64882721
            262     0.64490253
            261     0.64103598
            260     0.63710074
            259     0.63317651
            258     0.62933707
            257     0.62547760
            256     0.62160506
            255     0.61776329
            254     0.61395777
            253     0.61021488
            252     0.60642154
            251     0.60268129
            250     0.59899135
            249     0.59525419
            248     0.59158972
            247     0.58790823
            246     0.58429947
            245     0.58073234
            244     0.57709441
            243     0.57352094
            242     0.56993206
            241     0.56637733
            240     0.56287743
            239     0.55941462
            238     0.55594125
            237     0.55239976
            236     0.54892593
            235     0.54546832
            234     0.54201832
            233     0.53866137
            232     0.53527998
            231     0.53184448
            230     0.52846156
            229     0.52514303
            228     0.52183516
            227     0.51851342
            226     0.51518247
            225     0.51184782
            224     0.50854923
            223     0.50529808
            222     0.50202603
            221     0.49878243
            220     0.49558004
            219     0.49236736
            218     0.48913934
            217     0.48594105
            216     0.48271052
            215     0.47956342
            214     0.47641007
            213     0.47331478
            212     0.47016825
            211     0.46709719
            210     0.46398700
            209     0.46086554
            208     0.45783374
            207     0.45482406
            206     0.45178912
            205     0.44871090
            204     0.44568776
            203     0.44264990
            202     0.43963277
            201     0.43658179
            200     0.43359591
            199     0.43061751
            198     0.42765549
            197     0.42470441
            196     0.42181064
            195     0.41887680
            194     0.41595255
            193     0.41307463
            192     0.41018361
            191     0.40736164
            190     0.40448664
            189     0.40164796
            188     0.39881476
            187     0.39601503
            186     0.39320888
            185     0.39037144
            184     0.38756293
            183     0.38476992
            182     0.38197222
            181     0.37923607
            180     0.37644412
            179     0.37368261
            178     0.37095247
            177     0.36818318
            176     0.36548077
            175     0.36277748
            174     0.36006157
            173     0.35741694
            172     0.35474666
            171     0.35210435
            170     0.34947880
            169     0.34681109
            168     0.34416598
            167     0.34157766
            166     0.33892524
            165     0.33626129
            164     0.33362299
            163     0.33101430
            162     0.32840830
            161     0.32588776
            160     0.32335184
            159     0.32081492
            158     0.31826542
            157     0.31570813
            156     0.31316636
            155     0.31066485
            154     0.30814214
            153     0.30565429
            152     0.30316923
            151     0.30070462
            150     0.29828198
            149     0.29577980
            148     0.29334922
            147     0.29087614
            146     0.28844236
            145     0.28600492
            144     0.28359719
            143     0.28117330
            142     0.27876671
            141     0.27634083
            140     0.27398023
            139     0.27161033
            138     0.26923596
            137     0.26686548
            136     0.26450141
            135     0.26211517
            134     0.25976772
            133     0.25745258
            132     0.25512725
            131     0.25284318
            130     0.25056786
            129     0.24822169
            128     0.24589734
            127     0.24361276
            126     0.24129970
            125     0.23899657
            124     0.23675453
            123     0.23448831
            122     0.23221021
            121     0.22995827
            120     0.22773051
            119     0.22548832
            118     0.22325728
            117     0.22104599
            116     0.21882480
            115     0.21661782
            114     0.21442423
            113     0.21220803
            112     0.21001816
            111     0.20781120
            110     0.20567788
            109     0.20350273
            108     0.20132908
            107     0.19915197
            106     0.19702677
            105     0.19488417
            104     0.19276717
            103     0.19062608
            102     0.18853661
            101     0.18643026
            100     0.18432402
             99     0.18223689
             98     0.18010201
             97     0.17802661
             96     0.17590351
             95     0.17384038
             94     0.17174756
             93     0.16968136
             92     0.16764339
             91     0.16558136
             90     0.16355867
             89     0.16150504
             88     0.15950409
             87     0.15749434
             86     0.15546376
             85     0.15341407
             84     0.15140314
             83     0.14938108
             82     0.14733900
             81     0.14537693
             80     0.14339080
             79     0.14139848
             78     0.13942885
             77     0.13747124
             76     0.13552676
             75     0.13359054
             74     0.13160245
             73     0.12964783
             72     0.12771110
             71     0.12578526
             70     0.12381444
             69     0.12191049
             68     0.11997743
             67     0.11804824
             66     0.11609960
             65     0.11419872
             64     0.11229840
             63     0.11040222
             62     0.10847131
             61     0.10657977
             60     0.10471323
             59     0.10282773
             58     0.10098208
             57    0.099074554
             56    0.097218437
             55    0.095361710
             54    0.093555252
             53    0.091729389
             52    0.089893574
             51    0.088091205
             50    0.086261844
             49    0.084412884
             48    0.082591303
             47    0.080734039
             46    0.078934755
             45    0.077102132
             44    0.075296442
             43    0.073539481
             42    0.071756950
             41    0.069961759
             40    0.068165056
             39    0.066350493
             38    0.064572466
             37    0.062770995
             36    0.060995174
             35    0.059230126
             34    0.057460276
             33    0.055702830
             32    0.053945219
             31    0.052211810
             30    0.050453111
             29    0.048733778
             28    0.046991812
             27    0.045247645
             26    0.043526358
             25    0.041799462
             24    0.040092043
             23    0.038384780
             22    0.036666167
             21    0.034966513
             20    0.033255097
             19    0.031585906
             18    0.029887406
             17    0.028207687
             16    0.026524358
             15    0.024856936
             14    0.023162042
             13    0.021490237
             12    0.019813741
             11    0.018129465
             10    0.016479591
              9    0.014816025
              8    0.013132523
              7    0.011469506
              6   0.0098194765
              5   0.0081746150
              4   0.0065405472
              3   0.0048845216
              2   0.0032731378
              1   0.0016317939
