           1000      3.6881537
            999      3.3378922
            998      3.1652640
            997      3.0420035
            996      2.9555906
            995      2.8827862
            994      2.8190174
            993      2.7673013
            992      2.7190051
            991      2.6772591
            990      2.6401151
            989      2.6046043
            988      2.5724071
            987      2.5417614
            986      2.5145531
            985      2.4866210
            984      2.4624552
            983      2.4381511
            982      2.4151914
            981      2.3937639
            980      2.3726215
            979      2.3539183
            978      2.3365350
            977      2.3196416
            976      2.3026564
            975      2.2861528
            974      2.2709364
            973      2.2544894
            972      2.2406432
            971      2.2266838
            970      2.2121268
            969      2.1993336
            968      2.1868761
            967      2.1743508
            966      2.1612686
            965      2.1494908
            964      2.1376165
            963      2.1265501
            962      2.1150897
            961      2.1044009
            960      2.0935741
            959      2.0829924
            958      2.0730831
            957      2.0633631
            956      2.0536318
            955      2.0443268
            954      2.0353205
            953      2.0264901
            952      2.0176012
            951      2.0088594
            950      2.0006486
            949      1.9927353
            948      1.9847732
            947      1.9769676
            946      1.9690135
            945      1.9611969
            944      1.9533652
            943      1.9457030
            942      1.9382600
            941      1.9309443
            940      1.9239220
            939      1.9166213
            938      1.9098221
            937      1.9030473
            936      1.8960136
            935      1.8894771
            934      1.8828332
            933      1.8765509
            932      1.8702880
            931      1.8643758
            930      1.8582758
            929      1.8522104
            928      1.8463101
            927      1.8401755
            926      1.8346625
            925      1.8286357
            924      1.8227537
            923      1.8168785
            922      1.8114845
            921      1.8060669
            920      1.8003560
            919      1.7950131
            918      1.7896671
            917      1.7844155
            916      1.7790998
            915      1.7736843
            914      1.7688168
            913      1.7639208
            912      1.7585564
            911      1.7536028
            910      1.7487327
            909      1.7439016
            908      1.7391414
            907      1.7343204
            906      1.7297581
            905      1.7249723
            904      1.7203428
            903      1.7160965
            902      1.7115340
            901      1.7072729
            900      1.7026432
            899      1.6978523
            898      1.6932808
            897      1.6889104
            896      1.6844975
            895      1.6801273
            894      1.6757930
            893      1.6717703
            892      1.6677521
            891      1.6636065
            890      1.6594273
            889      1.6554642
            888      1.6515497
            887      1.6474898
            886      1.6436269
            885      1.6399077
            884      1.6358096
            883      1.6319971
            882      1.6280719
            881      1.6243045
            880      1.6206858
            879      1.6169175
            878      1.6133732
            877      1.6096871
            876      1.6061257
            875      1.6024978
            874      1.5988511
            873      1.5950588
            872      1.5915422
            871      1.5879419
            870      1.5844168
            869      1.5809325
            868      1.5774647
            867      1.5740365
            866      1.5705258
            865      1.5672051
            864      1.5638089
            863      1.5604367
            862      1.5571757
            861      1.5540810
            860      1.5507367
            859      1.5474980
            858      1.5441472
            857      1.5409974
            856      1.5377795
            855      1.5346405
            854      1.5315882
            853      1.5284888
            852      1.5252638
            851      1.5221085
            850      1.5189111
            849      1.5158223
            848      1.5127957
            847      1.5096641
            846      1.5066865
            845      1.5036886
            844      1.5005901
            843      1.4978413
            842      1.4948912
            841      1.4918067
            840      1.4888264
            839      1.4858610
            838      1.4831864
            837      1.4802623
            836      1.4775469
            835      1.4746808
            834      1.4719088
            833      1.4689775
            832      1.4661806
            831      1.4635185
            830      1.4607020
            829      1.4579414
            828      1.4552331
            827      1.4524272
            826      1.4498133
            825      1.4470330
            824      1.4444131
            823      1.4416101
            822      1.4390717
            821      1.4363587
            820      1.4337997
            819      1.4312365
            818      1.4285755
            817      1.4258582
            816      1.4233467
            815      1.4207948
            814      1.4182148
            813      1.4157565
            812      1.4132733
            811      1.4107842
            810      1.4083313
            809      1.4058584
            808      1.4035417
            807      1.4012403
            806      1.3986803
            805      1.3961439
            804      1.3937169
            803      1.3914399
            802      1.3890332
            801      1.3866162
            800      1.3842674
            799      1.3819271
            798      1.3794978
            797      1.3770453
            796      1.3745768
            795      1.3721468
            794      1.3697964
            793      1.3674298
            792      1.3651556
            791      1.3626754
            790      1.3603087
            789      1.3580960
            788      1.3560528
            787      1.3537243
            786      1.3515461
            785      1.3493616
            784      1.3470531
            783      1.3448237
            782      1.3425955
            781      1.3403611
            780      1.3381251
            779      1.3360345
            778      1.3339447
            777      1.3317559
            776      1.3295278
            775      1.3273773
            774      1.3252536
            773      1.3230177
            772      1.3208451
            771      1.3188154
            770      1.3167931
            769      1.3146767
            768      1.3125723
            767      1.3104989
            766      1.3083514
            765      1.3062185
            764      1.3040716
            763      1.3019942
            762      1.2998859
            761      1.2978771
            760      1.2958155
            759      1.2938592
            758      1.2917877
            757      1.2898573
            756      1.2878551
            755      1.2859165
            754      1.2839774
            753      1.2820436
            752      1.2801145
            751      1.2780766
            750      1.2760484
            749      1.2740544
            748      1.2719977
            747      1.2699841
            746      1.2680136
            745      1.2660879
            744      1.2640968
            743      1.2621575
            742      1.2600934
            741      1.2582067
            740      1.2562556
            739      1.2542623
            738      1.2524655
            737      1.2505405
            736      1.2486317
            735      1.2467319
            734      1.2448523
            733      1.2429972
            732      1.2410794
            731      1.2391096
            730      1.2372044
            729      1.2353081
            728      1.2334464
            727      1.2316983
            726      1.2297649
            725      1.2279567
            724      1.2261683
            723      1.2243153
            722      1.2224413
            721      1.2206479
            720      1.2187036
            719      1.2169443
            718      1.2150847
            717      1.2132237
            716      1.2113577
            715      1.2096356
            714      1.2078576
            713      1.2060871
            712      1.2042956
            711      1.2025280
            710      1.2008343
            709      1.1991070
            708      1.1973925
            707      1.1956039
            706      1.1938593
            705      1.1920989
            704      1.1903057
            703      1.1885911
            702      1.1868678
            701      1.1851002
            700      1.1834193
            699      1.1816129
            698      1.1798709
            697      1.1781798
            696      1.1764955
            695      1.1749070
            694      1.1731925
            693      1.1715503
            692      1.1698579
            691      1.1682240
            690      1.1665890
            689      1.1647963
            688      1.1631611
            687      1.1615244
            686      1.1598412
            685      1.1582505
            684      1.1566912
            683      1.1549902
            682      1.1534043
            681      1.1517365
            680      1.1501001
            679      1.1483332
            678      1.1466094
            677      1.1448916
            676      1.1432327
            675      1.1416459
            674      1.1400712
            673      1.1385314
            672      1.1369985
            671      1.1353865
            670      1.1337537
            669      1.1321442
            668      1.1305430
            667      1.1289430
            666      1.1274221
            665      1.1257374
            664      1.1240946
            663      1.1225644
            662      1.1208516
            661      1.1193587
            660      1.1177603
            659      1.1162435
            658      1.1147175
            657      1.1132004
            656      1.1116149
            655      1.1100386
            654      1.1084207
            653      1.1069318
            652      1.1054255
            651      1.1038661
            650      1.1023293
            649      1.1007175
            648      1.0992147
            647      1.0976696
            646      1.0961761
            645      1.0946245
            644      1.0931601
            643      1.0916151
            642      1.0901116
            641      1.0886510
            640      1.0871556
            639      1.0856608
            638      1.0841561
            637      1.0826420
            636      1.0811659
            635      1.0796569
            634      1.0780996
            633      1.0766148
            632      1.0751877
            631      1.0737241
            630      1.0722346
            629      1.0708105
            628      1.0693117
            627      1.0678574
            626      1.0663998
            625      1.0650086
            624      1.0635506
            623      1.0621922
            622      1.0607693
            621      1.0593334
            620      1.0579332
            619      1.0564924
            618      1.0549732
            617      1.0535319
            616      1.0521972
            615      1.0508150
            614      1.0495040
            613      1.0480374
            612      1.0466505
            611      1.0453087
            610      1.0438202
            609      1.0424031
            608      1.0410034
            607      1.0395662
            606      1.0381097
            605      1.0366985
            604      1.0352371
            603      1.0337629
            602      1.0323215
            601      1.0309563
            600      1.0295437
            599      1.0281933
            598      1.0268216
            597      1.0253724
            596      1.0240587
            595      1.0226952
            594      1.0212893
            593      1.0198608
            592      1.0184520
            591      1.0171174
            590      1.0158245
            589      1.0145491
            588      1.0132416
            587      1.0118230
            586      1.0104356
            585      1.0090171
            584      1.0077021
            583      1.0063553
            582      1.0050677
            581      1.0037228
            580      1.0023471
            579      1.0010561
            578     0.99971989
            577     0.99840513
            576     0.99706625
            575     0.99573551
            574     0.99436713
            573     0.99303560
            572     0.99169709
            571     0.99033945
            570     0.98907223
            569     0.98772563
            568     0.98650488
            567     0.98520180
            566     0.98387159
            565     0.98258668
            564     0.98121646
            563     0.97995575
            562     0.97863898
            561     0.97726327
            560     0.97595282
            559     0.97462949
            558     0.97333345
            557     0.97202068
            556     0.97071135
            555     0.96938868
            554     0.96812975
            553     0.96678294
            552     0.96550878
            551     0.96425549
            550     0.96298528
            549     0.96171393
            548     0.96049053
            547     0.95917247
            546     0.95787094
            545     0.95655891
            544     0.95532073
            543     0.95400720
            542     0.95271729
            541     0.95146944
            540     0.95012859
            539     0.94883937
            538     0.94754248
            537     0.94631638
            536     0.94502946
            535     0.94371566
            534     0.94244553
            533     0.94121264
            532     0.93992134
            531     0.93857634
            530     0.93732870
            529     0.93611203
            528     0.93484234
            527     0.93356440
            526     0.93230159
            525     0.93105570
            524     0.92977687
            523     0.92856821
            522     0.92732940
            521     0.92610603
            520     0.92485163
            519     0.92359762
            518     0.92241128
            517     0.92124416
            516     0.91994703
            515     0.91872350
            514     0.91747196
            513     0.91622920
            512     0.91500608
            511     0.91378904
            510     0.91256647
            509     0.91134612
            508     0.91016284
            507     0.90890570
            506     0.90769360
            505     0.90647032
            504     0.90528864
            503     0.90402542
            502     0.90276916
            501     0.90158199
            500     0.90030994
            499     0.89907329
            498     0.89781249
            497     0.89661576
            496     0.89533157
            495     0.89411246
            494     0.89290211
            493     0.89169938
            492     0.89053528
            491     0.88929534
            490     0.88807655
            489     0.88687764
            488     0.88569917
            487     0.88454859
            486     0.88330335
            485     0.88211677
            484     0.88096756
            483     0.87980017
            482     0.87863792
            481     0.87740742
            480     0.87612942
            479     0.87493133
            478     0.87368313
            477     0.87249409
            476     0.87128261
            475     0.87015354
            474     0.86895151
            473     0.86778559
            472     0.86661240
            471     0.86544311
            470     0.86423553
            469     0.86303905
            468     0.86184992
            467     0.86068340
            466     0.85951974
            465     0.85834908
            464     0.85719817
            463     0.85605193
            462     0.85488732
            461     0.85365936
            460     0.85248897
            459     0.85134722
            458     0.85009820
            457     0.84895085
            456     0.84775454
            455     0.84652525
            454     0.84534499
            453     0.84415085
            452     0.84294119
            451     0.84182459
            450     0.84059726
            449     0.83940743
            448     0.83829708
            447     0.83712538
            446     0.83594873
            445     0.83479397
            444     0.83355788
            443     0.83232272
            442     0.83120168
            441     0.83001874
            440     0.82891531
            439     0.82775088
            438     0.82659259
            437     0.82551213
            436     0.82431702
            435     0.82310876
            434     0.82200976
            433     0.82086502
            432     0.81967230
            431     0.81848649
            430     0.81734281
            429     0.81622205
            428     0.81509871
            427     0.81396944
            426     0.81280729
            425     0.81164987
            424     0.81050197
            423     0.80934393
            422     0.80822018
            421     0.80703284
            420     0.80588431
            419     0.80472487
            418     0.80355582
            417     0.80245638
            416     0.80135059
            415     0.80031332
            414     0.79914747
            413     0.79799286
            412     0.79691267
            411     0.79575199
            410     0.79464316
            409     0.79355872
            408     0.79243748
            407     0.79133548
            406     0.79026302
            405     0.78912480
            404     0.78788734
            403     0.78677190
            402     0.78566201
            401     0.78452593
            400     0.78339689
            399     0.78225629
            398     0.78112612
            397     0.77996958
            396     0.77882361
            395     0.77762299
            394     0.77649740
            393     0.77536634
            392     0.77420163
            391     0.77313550
            390     0.77200416
            389     0.77085457
            388     0.76968536
            387     0.76854930
            386     0.76741400
            385     0.76628302
            384     0.76515858
            383     0.76407595
            382     0.76297405
            381     0.76183846
            380     0.76073104
            379     0.75964390
            378     0.75849894
            377     0.75737864
            376     0.75628798
            375     0.75518309
            374     0.75412669
            373     0.75305308
            372     0.75196248
            371     0.75080262
            370     0.74967408
            369     0.74854800
            368     0.74742756
            367     0.74635826
            366     0.74526376
            365     0.74411174
            364     0.74298198
            363     0.74182530
            362     0.74075874
            361     0.73961541
            360     0.73846818
            359     0.73738331
            358     0.73627031
            357     0.73509613
            356     0.73399718
            355     0.73291732
            354     0.73179177
            353     0.73064578
            352     0.72952829
            351     0.72845250
            350     0.72733232
            349     0.72621891
            348     0.72509718
            347     0.72396946
            346     0.72292420
            345     0.72182231
            344     0.72066336
            343     0.71953396
            342     0.71843237
            341     0.71733537
            340     0.71618132
            339     0.71502269
            338     0.71392402
            337     0.71284437
            336     0.71177218
            335     0.71069856
            334     0.70955860
            333     0.70836682
            332     0.70727413
            331     0.70615489
            330     0.70499183
            329     0.70390695
            328     0.70282260
            327     0.70164627
            326     0.70058384
            325     0.69946443
            324     0.69836226
            323     0.69724659
            322     0.69615476
            321     0.69496397
            320     0.69385548
            319     0.69277303
            318     0.69166570
            317     0.69053210
            316     0.68942474
            315     0.68834145
            314     0.68723055
            313     0.68605559
            312     0.68496367
            311     0.68383728
            310     0.68272624
            309     0.68162140
            308     0.68051099
            307     0.67939411
            306     0.67831793
            305     0.67718950
            304     0.67612728
            303     0.67498312
            302     0.67390743
            301     0.67282587
            300     0.67171161
            299     0.67065729
            298     0.66952542
            297     0.66844559
            296     0.66737798
            295     0.66627533
            294     0.66515682
            293     0.66402721
            292     0.66287683
            291     0.66181353
            290     0.66075581
            289     0.65965077
            288     0.65850600
            287     0.65739998
            286     0.65629791
            285     0.65518654
            284     0.65405019
            283     0.65289629
            282     0.65175688
            281     0.65060447
            280     0.64946764
            279     0.64828931
            278     0.64716259
            277     0.64600636
            276     0.64489534
            275     0.64373006
            274     0.64255126
            273     0.64143286
            272     0.64033265
            271     0.63918240
            270     0.63804047
            269     0.63693270
            268     0.63580795
            267     0.63468806
            266     0.63354725
            265     0.63240037
            264     0.63126852
            263     0.63011293
            262     0.62898989
            261     0.62784686
            260     0.62675389
            259     0.62561919
            258     0.62450198
            257     0.62333491
            256     0.62222974
            255     0.62103663
            254     0.61987894
            253     0.61872059
            252     0.61755209
            251     0.61646557
            250     0.61539483
            249     0.61430643
            248     0.61320443
            247     0.61209479
            246     0.61089917
            245     0.60970718
            244     0.60856556
            243     0.60740712
            242     0.60625974
            241     0.60505619
            240     0.60389765
            239     0.60277113
            238     0.60163494
            237     0.60045690
            236     0.59931174
            235     0.59818222
            234     0.59697486
            233     0.59583918
            232     0.59464167
            231     0.59354471
            230     0.59238846
            229     0.59124599
            228     0.59011468
            227     0.58891233
            226     0.58777049
            225     0.58662768
            224     0.58549550
            223     0.58432843
            222     0.58310491
            221     0.58197199
            220     0.58078036
            219     0.57959508
            218     0.57840820
            217     0.57730340
            216     0.57608744
            215     0.57491009
            214     0.57367477
            213     0.57247193
            212     0.57132628
            211     0.57015357
            210     0.56899020
            209     0.56781154
            208     0.56665954
            207     0.56545780
            206     0.56428915
            205     0.56315368
            204     0.56190433
            203     0.56068244
            202     0.55951405
            201     0.55829260
            200     0.55706927
            199     0.55581879
            198     0.55459085
            197     0.55339095
            196     0.55217959
            195     0.55094899
            194     0.54971753
            193     0.54846777
            192     0.54723140
            191     0.54603768
            190     0.54491142
            189     0.54359722
            188     0.54238443
            187     0.54115390
            186     0.53993960
            185     0.53875475
            184     0.53755175
            183     0.53632074
            182     0.53513776
            181     0.53386375
            180     0.53265877
            179     0.53151944
            178     0.53030856
            177     0.52907846
            176     0.52785873
            175     0.52664407
            174     0.52540902
            173     0.52412603
            172     0.52287564
            171     0.52159982
            170     0.52034625
            169     0.51911429
            168     0.51785418
            167     0.51663861
            166     0.51537996
            165     0.51411729
            164     0.51282534
            163     0.51154078
            162     0.51029694
            161     0.50898857
            160     0.50764616
            159     0.50640649
            158     0.50511410
            157     0.50382975
            156     0.50257226
            155     0.50126312
            154     0.49996593
            153     0.49867953
            152     0.49735717
            151     0.49601980
            150     0.49475789
            149     0.49347532
            148     0.49218087
            147     0.49087895
            146     0.48952892
            145     0.48821339
            144     0.48687873
            143     0.48549584
            142     0.48415152
            141     0.48284704
            140     0.48151796
            139     0.48012642
            138     0.47881781
            137     0.47750294
            136     0.47614632
            135     0.47477717
            134     0.47350184
            133     0.47213958
            132     0.47081280
            131     0.46940893
            130     0.46801553
            129     0.46663054
            128     0.46523646
            127     0.46383063
            126     0.46243641
            125     0.46108196
            124     0.45961604
            123     0.45820278
            122     0.45670921
            121     0.45525764
            120     0.45373184
            119     0.45227499
            118     0.45086964
            117     0.44947653
            116     0.44802697
            115     0.44656085
            114     0.44510247
            113     0.44368696
            112     0.44225140
            111     0.44071179
            110     0.43928208
            109     0.43781055
            108     0.43641799
            107     0.43493422
            106     0.43342599
            105     0.43195811
            104     0.43048853
            103     0.42897439
            102     0.42748148
            101     0.42596712
            100     0.42443183
             99     0.42295528
             98     0.42139095
             97     0.41985301
             96     0.41841753
             95     0.41688954
             94     0.41528429
             93     0.41366688
             92     0.41208119
             91     0.41053277
             90     0.40887347
             89     0.40720912
             88     0.40560157
             87     0.40393415
             86     0.40234984
             85     0.40073228
             84     0.39911535
             83     0.39741848
             82     0.39581669
             81     0.39414818
             80     0.39245508
             79     0.39081474
             78     0.38905849
             77     0.38724497
             76     0.38556027
             75     0.38386104
             74     0.38199588
             73     0.38023434
             72     0.37846214
             71     0.37661822
             70     0.37487463
             69     0.37302918
             68     0.37121326
             67     0.36934868
             66     0.36749947
             65     0.36561408
             64     0.36383016
             63     0.36197253
             62     0.35997484
             61     0.35805401
             60     0.35612043
             59     0.35410513
             58     0.35222926
             57     0.35033486
             56     0.34839619
             55     0.34629364
             54     0.34421126
             53     0.34216168
             52     0.34001656
             51     0.33795493
             50     0.33576297
             49     0.33360404
             48     0.33153010
             47     0.32936645
             46     0.32713718
             45     0.32488967
             44     0.32256388
             43     0.32035934
             42     0.31799640
             41     0.31579046
             40     0.31344556
             39     0.31104279
             38     0.30850316
             37     0.30608903
             36     0.30372112
             35     0.30107956
             34     0.29842546
             33     0.29574598
             32     0.29297706
             31     0.29017596
             30     0.28735912
             29     0.28455253
             28     0.28172530
             27     0.27889157
             26     0.27590163
             25     0.27288156
             24     0.26972577
             23     0.26653427
             22     0.26321111
             21     0.25992712
             20     0.25630356
             19     0.25267140
             18     0.24896283
             17     0.24491264
             16     0.24081891
             15     0.23659927
             14     0.23209257
             13     0.22725311
             12     0.22240550
             11     0.21726644
             10     0.21183238
              9     0.20588685
              8     0.19967384
              7     0.19284991
              6     0.18517918
              5     0.17621612
              4     0.16703385
              3     0.15446813
              2     0.13911058
              1     0.11598699
