           1000      3.4033434
            999      3.1036642
            998      2.9491900
            997      2.8457439
            996      2.7673457
            995      2.7036095
            994      2.6491704
            993      2.6017209
            992      2.5610955
            991      2.5240898
            990      2.4910157
            989      2.4601375
            988      2.4322175
            987      2.4066136
            986      2.3828386
            985      2.3604439
            984      2.3386101
            983      2.3186148
            982      2.2995752
            981      2.2811273
            980      2.2640786
            979      2.2478376
            978      2.2317938
            977      2.2165355
            976      2.2019903
            975      2.1879630
            974      2.1743601
            973      2.1612171
            972      2.1484674
            971      2.1361460
            970      2.1242231
            969      2.1127878
            968      2.1016150
            967      2.0906224
            966      2.0799384
            965      2.0696360
            964      2.0595536
            963      2.0496604
            962      2.0400683
            961      2.0306562
            960      2.0215677
            959      2.0126307
            958      2.0037719
            957      1.9951751
            956      1.9868436
            955      1.9786371
            954      1.9706099
            953      1.9628243
            952      1.9550485
            951      1.9473864
            950      1.9398506
            949      1.9325206
            948      1.9253944
            947      1.9181655
            946      1.9112324
            945      1.9043155
            944      1.8976117
            943      1.8909888
            942      1.8844405
            941      1.8780278
            940      1.8716752
            939      1.8653127
            938      1.8591378
            937      1.8530523
            936      1.8471350
            935      1.8412601
            934      1.8355674
            933      1.8297528
            932      1.8241095
            931      1.8184958
            930      1.8129868
            929      1.8075305
            928      1.8021583
            927      1.7969026
            926      1.7916527
            925      1.7864871
            924      1.7813187
            923      1.7762800
            922      1.7712319
            921      1.7663362
            920      1.7613467
            919      1.7564563
            918      1.7516662
            917      1.7468965
            916      1.7421643
            915      1.7374649
            914      1.7327981
            913      1.7282472
            912      1.7237733
            911      1.7192571
            910      1.7149058
            909      1.7105650
            908      1.7062316
            907      1.7020087
            906      1.6978216
            905      1.6936767
            904      1.6895356
            903      1.6854192
            902      1.6813025
            901      1.6772510
            900      1.6732499
            899      1.6692810
            898      1.6653217
            897      1.6613289
            896      1.6574593
            895      1.6535528
            894      1.6497654
            893      1.6459280
            892      1.6421394
            891      1.6383843
            890      1.6346586
            889      1.6309609
            888      1.6273889
            887      1.6237745
            886      1.6201259
            885      1.6165794
            884      1.6131186
            883      1.6096769
            882      1.6061913
            881      1.6026300
            880      1.5991597
            879      1.5957360
            878      1.5924082
            877      1.5890495
            876      1.5857150
            875      1.5823450
            874      1.5790729
            873      1.5757978
            872      1.5724207
            871      1.5691232
            870      1.5659153
            869      1.5627404
            868      1.5596048
            867      1.5564671
            866      1.5533240
            865      1.5501813
            864      1.5470950
            863      1.5440419
            862      1.5409593
            861      1.5379326
            860      1.5349136
            859      1.5319420
            858      1.5289631
            857      1.5259902
            856      1.5230836
            855      1.5201905
            854      1.5172314
            853      1.5143689
            852      1.5114643
            851      1.5086152
            850      1.5058027
            849      1.5029313
            848      1.5001135
            847      1.4972693
            846      1.4944876
            845      1.4916783
            844      1.4888874
            843      1.4861593
            842      1.4834765
            841      1.4807555
            840      1.4780617
            839      1.4753938
            838      1.4727513
            837      1.4700702
            836      1.4674074
            835      1.4647663
            834      1.4620894
            833      1.4594881
            832      1.4568430
            831      1.4542668
            830      1.4517109
            829      1.4491735
            828      1.4466261
            827      1.4440772
            826      1.4415563
            825      1.4390490
            824      1.4365740
            823      1.4340888
            822      1.4316687
            821      1.4291933
            820      1.4267063
            819      1.4242693
            818      1.4218735
            817      1.4194912
            816      1.4171079
            815      1.4146938
            814      1.4123256
            813      1.4099961
            812      1.4076585
            811      1.4053282
            810      1.4030170
            809      1.4006597
            808      1.3983760
            807      1.3960292
            806      1.3937257
            805      1.3914348
            804      1.3891441
            803      1.3868610
            802      1.3845544
            801      1.3823059
            800      1.3800416
            799      1.3777689
            798      1.3755268
            797      1.3733596
            796      1.3711437
            795      1.3689569
            794      1.3667848
            793      1.3645816
            792      1.3623775
            791      1.3602261
            790      1.3580801
            789      1.3559071
            788      1.3537600
            787      1.3516547
            786      1.3495310
            785      1.3474046
            784      1.3453040
            783      1.3431600
            782      1.3410598
            781      1.3389445
            780      1.3368837
            779      1.3348060
            778      1.3327080
            777      1.3306809
            776      1.3286467
            775      1.3266101
            774      1.3245762
            773      1.3225560
            772      1.3205309
            771      1.3185202
            770      1.3165031
            769      1.3145078
            768      1.3125083
            767      1.3105134
            766      1.3085402
            765      1.3065431
            764      1.3045492
            763      1.3026001
            762      1.3006609
            761      1.2987156
            760      1.2967477
            759      1.2948111
            758      1.2929027
            757      1.2909802
            756      1.2890557
            755      1.2871334
            754      1.2852056
            753      1.2832952
            752      1.2814158
            751      1.2795268
            750      1.2776817
            749      1.2757994
            748      1.2739727
            747      1.2721069
            746      1.2702398
            745      1.2683850
            744      1.2665253
            743      1.2646791
            742      1.2628475
            741      1.2610281
            740      1.2592015
            739      1.2573694
            738      1.2555415
            737      1.2537478
            736      1.2519553
            735      1.2501257
            734      1.2483375
            733      1.2465412
            732      1.2447782
            731      1.2430139
            730      1.2412447
            729      1.2394542
            728      1.2377122
            727      1.2359333
            726      1.2341662
            725      1.2324211
            724      1.2306534
            723      1.2288975
            722      1.2271525
            721      1.2254099
            720      1.2236832
            719      1.2219432
            718      1.2202129
            717      1.2184837
            716      1.2167807
            715      1.2150705
            714      1.2133666
            713      1.2116695
            712      1.2100023
            711      1.2083015
            710      1.2066285
            709      1.2049629
            708      1.2032756
            707      1.2015999
            706      1.1999419
            705      1.1982956
            704      1.1966533
            703      1.1949843
            702      1.1933438
            701      1.1916811
            700      1.1900471
            699      1.1884079
            698      1.1867238
            697      1.1850768
            696      1.1834649
            695      1.1818340
            694      1.1802168
            693      1.1785673
            692      1.1769578
            691      1.1753477
            690      1.1737191
            689      1.1721184
            688      1.1705049
            687      1.1688925
            686      1.1673237
            685      1.1657235
            684      1.1641403
            683      1.1625470
            682      1.1609665
            681      1.1593822
            680      1.1578112
            679      1.1562397
            678      1.1546741
            677      1.1530936
            676      1.1515481
            675      1.1499851
            674      1.1484443
            673      1.1469143
            672      1.1453494
            671      1.1438115
            670      1.1422696
            669      1.1407342
            668      1.1392068
            667      1.1376653
            666      1.1361523
            665      1.1346370
            664      1.1331079
            663      1.1315938
            662      1.1300602
            661      1.1285634
            660      1.1270331
            659      1.1255383
            658      1.1240503
            657      1.1225250
            656      1.1210193
            655      1.1195342
            654      1.1180086
            653      1.1165044
            652      1.1150040
            651      1.1134952
            650      1.1119951
            649      1.1105206
            648      1.1090342
            647      1.1075272
            646      1.1060256
            645      1.1045391
            644      1.1030915
            643      1.1016485
            642      1.1001948
            641      1.0987321
            640      1.0972565
            639      1.0958115
            638      1.0943785
            637      1.0929541
            636      1.0915170
            635      1.0901000
            634      1.0886665
            633      1.0872310
            632      1.0857853
            631      1.0843404
            630      1.0829089
            629      1.0815059
            628      1.0800878
            627      1.0786854
            626      1.0772766
            625      1.0758728
            624      1.0744759
            623      1.0730702
            622      1.0716760
            621      1.0702865
            620      1.0688861
            619      1.0674855
            618      1.0660833
            617      1.0646862
            616      1.0632864
            615      1.0618858
            614      1.0604834
            613      1.0590994
            612      1.0577111
            611      1.0563346
            610      1.0549579
            609      1.0535910
            608      1.0522289
            607      1.0508740
            606      1.0495065
            605      1.0481405
            604      1.0467761
            603      1.0454112
            602      1.0440583
            601      1.0426976
            600      1.0413394
            599      1.0399882
            598      1.0386228
            597      1.0372694
            596      1.0359208
            595      1.0345712
            594      1.0332108
            593      1.0318608
            592      1.0305305
            591      1.0292083
            590      1.0278885
            589      1.0265426
            588      1.0252024
            587      1.0238733
            586      1.0225454
            585      1.0212072
            584      1.0198845
            583      1.0185561
            582      1.0172506
            581      1.0159288
            580      1.0146180
            579      1.0133210
            578      1.0119865
            577      1.0106640
            576      1.0093447
            575      1.0080338
            574      1.0067165
            573      1.0054068
            572      1.0041114
            571      1.0028131
            570      1.0015340
            569      1.0002623
            568     0.99895816
            567     0.99765017
            566     0.99634383
            565     0.99506629
            564     0.99377955
            563     0.99249591
            562     0.99121996
            561     0.98994002
            560     0.98867851
            559     0.98737949
            558     0.98610370
            557     0.98484275
            556     0.98355575
            555     0.98227279
            554     0.98101517
            553     0.97974037
            552     0.97846533
            551     0.97720688
            550     0.97593771
            549     0.97469770
            548     0.97341905
            547     0.97213473
            546     0.97086362
            545     0.96959866
            544     0.96835931
            543     0.96710490
            542     0.96584349
            541     0.96459237
            540     0.96333824
            539     0.96211858
            538     0.96084811
            537     0.95960640
            536     0.95836813
            535     0.95713187
            534     0.95588392
            533     0.95462201
            532     0.95337899
            531     0.95215974
            530     0.95091851
            529     0.94966737
            528     0.94842880
            527     0.94718765
            526     0.94597113
            525     0.94476365
            524     0.94354998
            523     0.94230676
            522     0.94106612
            521     0.93983824
            520     0.93860496
            519     0.93738826
            518     0.93618093
            517     0.93496223
            516     0.93374810
            515     0.93250532
            514     0.93128954
            513     0.93007780
            512     0.92888048
            511     0.92765540
            510     0.92644097
            509     0.92522179
            508     0.92401737
            507     0.92282353
            506     0.92161474
            505     0.92040463
            504     0.91918804
            503     0.91799637
            502     0.91677992
            501     0.91557924
            500     0.91436825
            499     0.91316420
            498     0.91195660
            497     0.91077828
            496     0.90959150
            495     0.90839928
            494     0.90721405
            493     0.90599665
            492     0.90480174
            491     0.90360371
            490     0.90239842
            489     0.90120444
            488     0.90002565
            487     0.89882515
            486     0.89763732
            485     0.89645217
            484     0.89526714
            483     0.89408177
            482     0.89290009
            481     0.89172419
            480     0.89053107
            479     0.88935860
            478     0.88817418
            477     0.88699695
            476     0.88583504
            475     0.88463824
            474     0.88347091
            473     0.88230054
            472     0.88111890
            471     0.87994574
            470     0.87878327
            469     0.87761434
            468     0.87643153
            467     0.87526675
            466     0.87410063
            465     0.87295985
            464     0.87180027
            463     0.87062593
            462     0.86944695
            461     0.86827525
            460     0.86713045
            459     0.86597585
            458     0.86481089
            457     0.86366062
            456     0.86250366
            455     0.86133102
            454     0.86017609
            453     0.85899654
            452     0.85784765
            451     0.85668326
            450     0.85552279
            449     0.85436616
            448     0.85321737
            447     0.85206045
            446     0.85091716
            445     0.84978315
            444     0.84860476
            443     0.84745956
            442     0.84630270
            441     0.84515252
            440     0.84399845
            439     0.84282612
            438     0.84168514
            437     0.84055322
            436     0.83940052
            435     0.83825515
            434     0.83712862
            433     0.83597838
            432     0.83483237
            431     0.83368549
            430     0.83255140
            429     0.83138025
            428     0.83024330
            427     0.82909343
            426     0.82797309
            425     0.82681828
            424     0.82569300
            423     0.82453866
            422     0.82338757
            421     0.82224694
            420     0.82110231
            419     0.81995724
            418     0.81881646
            417     0.81768986
            416     0.81656344
            415     0.81542822
            414     0.81429179
            413     0.81315841
            412     0.81203031
            411     0.81091609
            410     0.80978500
            409     0.80864780
            408     0.80749571
            407     0.80635714
            406     0.80522698
            405     0.80408740
            404     0.80296231
            403     0.80181604
            402     0.80069830
            401     0.79955008
            400     0.79843000
            399     0.79730090
            398     0.79619497
            397     0.79506525
            396     0.79392805
            395     0.79279308
            394     0.79168216
            393     0.79054547
            392     0.78941295
            391     0.78827644
            390     0.78715530
            389     0.78602273
            388     0.78491068
            387     0.78376880
            386     0.78262813
            385     0.78149838
            384     0.78037708
            383     0.77924991
            382     0.77814442
            381     0.77703486
            380     0.77591256
            379     0.77478503
            378     0.77369056
            377     0.77258174
            376     0.77145301
            375     0.77033715
            374     0.76921772
            373     0.76811673
            372     0.76699922
            371     0.76587381
            370     0.76474916
            369     0.76362433
            368     0.76248404
            367     0.76135941
            366     0.76025682
            365     0.75913027
            364     0.75802335
            363     0.75689435
            362     0.75578184
            361     0.75467198
            360     0.75357314
            359     0.75248073
            358     0.75136825
            357     0.75025961
            356     0.74913967
            355     0.74802386
            354     0.74693139
            353     0.74584106
            352     0.74472861
            351     0.74359871
            350     0.74249027
            349     0.74137395
            348     0.74026272
            347     0.73913961
            346     0.73802143
            345     0.73688260
            344     0.73579130
            343     0.73467488
            342     0.73357510
            341     0.73246843
            340     0.73134875
            339     0.73023839
            338     0.72911782
            337     0.72800677
            336     0.72689146
            335     0.72577696
            334     0.72465476
            333     0.72354029
            332     0.72241752
            331     0.72130597
            330     0.72020916
            329     0.71908956
            328     0.71796519
            327     0.71683952
            326     0.71572070
            325     0.71462181
            324     0.71349825
            323     0.71238882
            322     0.71126648
            321     0.71015191
            320     0.70904295
            319     0.70793066
            318     0.70682174
            317     0.70569272
            316     0.70458648
            315     0.70346401
            314     0.70234145
            313     0.70121897
            312     0.70011838
            311     0.69898484
            310     0.69785844
            309     0.69673306
            308     0.69562458
            307     0.69450802
            306     0.69336464
            305     0.69224125
            304     0.69113757
            303     0.69002618
            302     0.68891205
            301     0.68778267
            300     0.68666558
            299     0.68553627
            298     0.68441037
            297     0.68328467
            296     0.68215991
            295     0.68103897
            294     0.67991592
            293     0.67881224
            292     0.67765257
            291     0.67652734
            290     0.67541597
            289     0.67430742
            288     0.67319212
            287     0.67207108
            286     0.67095805
            285     0.66982984
            284     0.66870206
            283     0.66756284
            282     0.66645182
            281     0.66533181
            280     0.66419723
            279     0.66306589
            278     0.66194432
            277     0.66082154
            276     0.65968524
            275     0.65855978
            274     0.65745644
            273     0.65630886
            272     0.65517955
            271     0.65403837
            270     0.65290853
            269     0.65177524
            268     0.65064162
            267     0.64949490
            266     0.64838283
            265     0.64722455
            264     0.64609536
            263     0.64495540
            262     0.64381401
            261     0.64267115
            260     0.64155207
            259     0.64040394
            258     0.63926305
            257     0.63811901
            256     0.63698525
            255     0.63585611
            254     0.63471745
            253     0.63358771
            252     0.63242530
            251     0.63130371
            250     0.63016759
            249     0.62903232
            248     0.62787941
            247     0.62673586
            246     0.62558381
            245     0.62442590
            244     0.62327711
            243     0.62212192
            242     0.62097310
            241     0.61983272
            240     0.61868980
            239     0.61754077
            238     0.61638302
            237     0.61522856
            236     0.61406520
            235     0.61288697
            234     0.61174442
            233     0.61058086
            232     0.60941752
            231     0.60823780
            230     0.60707081
            229     0.60590616
            228     0.60471277
            227     0.60354505
            226     0.60236604
            225     0.60118408
            224     0.59999878
            223     0.59881650
            222     0.59765318
            221     0.59646577
            220     0.59529058
            219     0.59409921
            218     0.59292823
            217     0.59174443
            216     0.59055750
            215     0.58937773
            214     0.58818969
            213     0.58699713
            212     0.58581576
            211     0.58462832
            210     0.58343965
            209     0.58224102
            208     0.58103144
            207     0.57983612
            206     0.57862610
            205     0.57741672
            204     0.57622430
            203     0.57502178
            202     0.57381712
            201     0.57261806
            200     0.57140411
            199     0.57020636
            198     0.56898751
            197     0.56777257
            196     0.56657567
            195     0.56534171
            194     0.56413256
            193     0.56292497
            192     0.56172262
            191     0.56049756
            190     0.55925872
            189     0.55803874
            188     0.55681381
            187     0.55557965
            186     0.55434967
            185     0.55309008
            184     0.55186917
            183     0.55062415
            182     0.54937995
            181     0.54813521
            180     0.54689725
            179     0.54565696
            178     0.54440218
            177     0.54316509
            176     0.54191068
            175     0.54065799
            174     0.53939121
            173     0.53811170
            172     0.53685727
            171     0.53558478
            170     0.53430440
            169     0.53303209
            168     0.53177565
            167     0.53049792
            166     0.52920922
            165     0.52794119
            164     0.52667587
            163     0.52538858
            162     0.52410942
            161     0.52280730
            160     0.52151122
            159     0.52019650
            158     0.51888220
            157     0.51757618
            156     0.51626356
            155     0.51494268
            154     0.51362648
            153     0.51232398
            152     0.51101868
            151     0.50969425
            150     0.50836400
            149     0.50703331
            148     0.50570473
            147     0.50435959
            146     0.50301355
            145     0.50166692
            144     0.50033419
            143     0.49901734
            142     0.49767900
            141     0.49630747
            140     0.49495615
            139     0.49358931
            138     0.49221977
            137     0.49085445
            136     0.48951181
            135     0.48813277
            134     0.48678061
            133     0.48540987
            132     0.48402880
            131     0.48262747
            130     0.48122267
            129     0.47981277
            128     0.47842876
            127     0.47699855
            126     0.47559312
            125     0.47417059
            124     0.47277116
            123     0.47135689
            122     0.46994275
            121     0.46850801
            120     0.46705907
            119     0.46563105
            118     0.46418043
            117     0.46273617
            116     0.46126718
            115     0.45978615
            114     0.45829965
            113     0.45682949
            112     0.45538566
            111     0.45389607
            110     0.45239034
            109     0.45090981
            108     0.44942708
            107     0.44792022
            106     0.44643321
            105     0.44489215
            104     0.44338320
            103     0.44185252
            102     0.44033509
            101     0.43879108
            100     0.43724184
             99     0.43568201
             98     0.43412165
             97     0.43255574
             96     0.43097633
             95     0.42938521
             94     0.42777312
             93     0.42615635
             92     0.42455887
             91     0.42295866
             90     0.42133619
             89     0.41969374
             88     0.41804578
             87     0.41641505
             86     0.41471285
             85     0.41305120
             84     0.41138153
             83     0.40970548
             82     0.40802531
             81     0.40635075
             80     0.40461684
             79     0.40287759
             78     0.40117553
             77     0.39944943
             76     0.39769980
             75     0.39592501
             74     0.39415320
             73     0.39236911
             72     0.39060832
             71     0.38880424
             70     0.38698880
             69     0.38516341
             68     0.38328920
             67     0.38141379
             66     0.37952576
             65     0.37765250
             64     0.37574406
             63     0.37385398
             62     0.37190095
             61     0.36993589
             60     0.36797949
             59     0.36598333
             58     0.36396175
             57     0.36191859
             56     0.35989052
             55     0.35781571
             54     0.35576998
             53     0.35368672
             52     0.35158982
             51     0.34945306
             50     0.34732345
             49     0.34515396
             48     0.34292595
             47     0.34067481
             46     0.33839377
             45     0.33610942
             44     0.33376860
             43     0.33146484
             42     0.32905896
             41     0.32664825
             40     0.32421181
             39     0.32173020
             38     0.31925017
             37     0.31670179
             36     0.31411069
             35     0.31151712
             34     0.30883154
             33     0.30609643
             32     0.30332055
             31     0.30050748
             30     0.29762291
             29     0.29471091
             28     0.29173214
             27     0.28866935
             26     0.28554711
             25     0.28237135
             24     0.27911928
             23     0.27578813
             22     0.27239634
             21     0.26882663
             20     0.26516603
             19     0.26140542
             18     0.25753208
             17     0.25356364
             16     0.24937225
             15     0.24494479
             14     0.24048170
             13     0.23567346
             12     0.23070935
             11     0.22544285
             10     0.21983151
              9     0.21382597
              8     0.20733188
              7     0.20034015
              6     0.19249690
              5     0.18388611
              4     0.17399632
              3     0.16173854
              2     0.14572987
              1     0.12077337
