            500      3.4525803
            499      3.0993229
            498      2.9173280
            497      2.7920399
            496      2.6966184
            495      2.6189601
            494      2.5537439
            493      2.4986063
            492      2.4493074
            491      2.4047295
            490      2.3651113
            489      2.3286326
            488      2.2944457
            487      2.2623837
            486      2.2331072
            485      2.2059529
            484      2.1804288
            483      2.1560019
            482      2.1323334
            481      2.1102737
            480      2.0893202
            479      2.0691226
            478      2.0499922
            477      2.0316154
            476      2.0136967
            475      1.9969664
            474      1.9807982
            473      1.9649460
            472      1.9498254
            471      1.9349338
            470      1.9206415
            469      1.9070310
            468      1.8935772
            467      1.8804635
            466      1.8675802
            465      1.8549390
            464      1.8428597
            463      1.8309452
            462      1.8195466
            461      1.8084739
            460      1.7975093
            459      1.7867663
            458      1.7762942
            457      1.7660566
            456      1.7560803
            455      1.7463203
            454      1.7367780
            453      1.7272720
            452      1.7179046
            451      1.7088030
            450      1.6996706
            449      1.6907735
            448      1.6821812
            447      1.6738816
            446      1.6655697
            445      1.6574648
            444      1.6494350
            443      1.6415301
            442      1.6337361
            441      1.6261385
            440      1.6185657
            439      1.6111924
            438      1.6038946
            437      1.5966343
            436      1.5894818
            435      1.5826018
            434      1.5756647
            433      1.5687909
            432      1.5620900
            431      1.5554533
            430      1.5487816
            429      1.5422521
            428      1.5357375
            427      1.5294244
            426      1.5230999
            425      1.5169248
            424      1.5107861
            423      1.5049037
            422      1.4989973
            421      1.4931067
            420      1.4872300
            419      1.4815357
            418      1.4758876
            417      1.4701917
            416      1.4645788
            415      1.4590519
            414      1.4535659
            413      1.4480678
            412      1.4426789
            411      1.4373747
            410      1.4321809
            409      1.4269229
            408      1.4217936
            407      1.4166220
            406      1.4115567
            405      1.4065565
            404      1.4015687
            403      1.3966681
            402      1.3917781
            401      1.3870045
            400      1.3821745
            399      1.3774493
            398      1.3728497
            397      1.3681875
            396      1.3635177
            395      1.3589668
            394      1.3544684
            393      1.3500417
            392      1.3455832
            391      1.3410549
            390      1.3366818
            389      1.3322867
            388      1.3279376
            387      1.3237246
            386      1.3194458
            385      1.3151889
            384      1.3110142
            383      1.3069199
            382      1.3027599
            381      1.2985992
            380      1.2944546
            379      1.2903647
            378      1.2862838
            377      1.2823129
            376      1.2782573
            375      1.2742320
            374      1.2702212
            373      1.2662539
            372      1.2623853
            371      1.2584784
            370      1.2546495
            369      1.2509081
            368      1.2471152
            367      1.2433075
            366      1.2395896
            365      1.2358287
            364      1.2321418
            363      1.2284634
            362      1.2248523
            361      1.2211539
            360      1.2174777
            359      1.2138675
            358      1.2102784
            357      1.2067191
            356      1.2031861
            355      1.1996532
            354      1.1961309
            353      1.1926947
            352      1.1891893
            351      1.1857066
            350      1.1822582
            349      1.1788163
            348      1.1754287
            347      1.1720519
            346      1.1687398
            345      1.1653585
            344      1.1620525
            343      1.1587596
            342      1.1554268
            341      1.1521528
            340      1.1488961
            339      1.1456431
            338      1.1424605
            337      1.1392655
            336      1.1360535
            335      1.1328140
            334      1.1296572
            333      1.1264880
            332      1.1233694
            331      1.1202767
            330      1.1172418
            329      1.1141597
            328      1.1110216
            327      1.1080134
            326      1.1049624
            325      1.1019024
            324      1.0988868
            323      1.0958549
            322      1.0928151
            321      1.0898411
            320      1.0868361
            319      1.0838252
            318      1.0808400
            317      1.0778842
            316      1.0749343
            315      1.0720100
            314      1.0690618
            313      1.0661178
            312      1.0632443
            311      1.0603385
            310      1.0574695
            309      1.0545899
            308      1.0516998
            307      1.0488555
            306      1.0459850
            305      1.0431846
            304      1.0403993
            303      1.0376490
            302      1.0348761
            301      1.0321239
            300      1.0293291
            299      1.0265745
            298      1.0238885
            297      1.0211481
            296      1.0184251
            295      1.0156924
            294      1.0129608
            293      1.0101817
            292      1.0074586
            291      1.0047574
            290      1.0020765
            289     0.99936877
            288     0.99666577
            287     0.99400799
            286     0.99134998
            285     0.98868757
            284     0.98613014
            283     0.98351312
            282     0.98086130
            281     0.97823160
            280     0.97559984
            279     0.97298040
            278     0.97038167
            277     0.96779578
            276     0.96524459
            275     0.96269351
            274     0.96015607
            273     0.95765880
            272     0.95508232
            271     0.95249999
            270     0.94997062
            269     0.94742300
            268     0.94486910
            267     0.94232324
            266     0.93980609
            265     0.93730011
            264     0.93478327
            263     0.93230641
            262     0.92981276
            261     0.92734981
            260     0.92484231
            259     0.92236337
            258     0.91990423
            257     0.91739236
            256     0.91493886
            255     0.91244638
            254     0.91002493
            253     0.90758152
            252     0.90515081
            251     0.90268698
            250     0.90022953
            249     0.89779899
            248     0.89528999
            247     0.89285073
            246     0.89046480
            245     0.88806779
            244     0.88565719
            243     0.88329359
            242     0.88088952
            241     0.87851214
            240     0.87612350
            239     0.87375036
            238     0.87134612
            237     0.86895582
            236     0.86660043
            235     0.86426326
            234     0.86187262
            233     0.85951409
            232     0.85711122
            231     0.85472623
            230     0.85237076
            229     0.85000097
            228     0.84765839
            227     0.84533052
            226     0.84299195
            225     0.84066517
            224     0.83830256
            223     0.83598500
            222     0.83365497
            221     0.83135256
            220     0.82901179
            219     0.82668444
            218     0.82438680
            217     0.82207015
            216     0.81975883
            215     0.81743728
            214     0.81515835
            213     0.81284735
            212     0.81055300
            211     0.80822592
            210     0.80592533
            209     0.80362331
            208     0.80133331
            207     0.79905368
            206     0.79680799
            205     0.79447550
            204     0.79216835
            203     0.78986931
            202     0.78761096
            201     0.78537089
            200     0.78313850
            199     0.78086748
            198     0.77864189
            197     0.77638481
            196     0.77411421
            195     0.77181605
            194     0.76955844
            193     0.76732159
            192     0.76507488
            191     0.76281664
            190     0.76058728
            189     0.75835445
            188     0.75606914
            187     0.75385308
            186     0.75161246
            185     0.74941514
            184     0.74717734
            183     0.74492791
            182     0.74269414
            181     0.74046730
            180     0.73822446
            179     0.73601318
            178     0.73376709
            177     0.73153070
            176     0.72930467
            175     0.72710934
            174     0.72482657
            173     0.72258599
            172     0.72036852
            171     0.71814365
            170     0.71591750
            169     0.71366856
            168     0.71146550
            167     0.70921704
            166     0.70697810
            165     0.70472549
            164     0.70249059
            163     0.70028679
            162     0.69806874
            161     0.69582682
            160     0.69358993
            159     0.69135148
            158     0.68912652
            157     0.68687237
            156     0.68463699
            155     0.68242835
            154     0.68017586
            153     0.67798457
            152     0.67573343
            151     0.67348787
            150     0.67123690
            149     0.66901489
            148     0.66677576
            147     0.66453643
            146     0.66227787
            145     0.66002177
            144     0.65776002
            143     0.65551404
            142     0.65327557
            141     0.65107444
            140     0.64885282
            139     0.64662183
            138     0.64435006
            137     0.64209913
            136     0.63983147
            135     0.63759786
            134     0.63532348
            133     0.63306707
            132     0.63073133
            131     0.62846044
            130     0.62624593
            129     0.62398655
            128     0.62175829
            127     0.61947219
            126     0.61717465
            125     0.61489732
            124     0.61261631
            123     0.61034361
            122     0.60800700
            121     0.60569937
            120     0.60336684
            119     0.60108700
            118     0.59876772
            117     0.59645760
            116     0.59417751
            115     0.59185908
            114     0.58952512
            113     0.58716189
            112     0.58482056
            111     0.58243691
            110     0.58012413
            109     0.57779829
            108     0.57542675
            107     0.57305784
            106     0.57069787
            105     0.56836376
            104     0.56598471
            103     0.56357941
            102     0.56117117
            101     0.55876150
            100     0.55640449
             99     0.55401318
             98     0.55159258
             97     0.54917292
             96     0.54673251
             95     0.54429671
             94     0.54185380
             93     0.53941170
             92     0.53699316
             91     0.53452495
             90     0.53211251
             89     0.52969887
             88     0.52721748
             87     0.52472728
             86     0.52226791
             85     0.51973811
             84     0.51723757
             83     0.51471629
             82     0.51221646
             81     0.50971124
             80     0.50715841
             79     0.50458280
             78     0.50201429
             77     0.49938517
             76     0.49676630
             75     0.49417746
             74     0.49157581
             73     0.48896446
             72     0.48630220
             71     0.48364903
             70     0.48100156
             69     0.47830451
             68     0.47557173
             67     0.47282385
             66     0.47011300
             65     0.46737057
             64     0.46460622
             63     0.46183023
             62     0.45905231
             61     0.45623147
             60     0.45341935
             59     0.45056523
             58     0.44765747
             57     0.44474560
             56     0.44189719
             55     0.43894484
             54     0.43601545
             53     0.43307592
             52     0.43010294
             51     0.42713791
             50     0.42411070
             49     0.42107614
             48     0.41801574
             47     0.41485898
             46     0.41172480
             45     0.40855578
             44     0.40532600
             43     0.40211351
             42     0.39880747
             41     0.39548684
             40     0.39213348
             39     0.38867599
             38     0.38519849
             37     0.38171481
             36     0.37820995
             35     0.37467006
             34     0.37097072
             33     0.36727915
             32     0.36349659
             31     0.35968293
             30     0.35583821
             29     0.35188846
             28     0.34788177
             27     0.34381238
             26     0.33965895
             25     0.33539537
             24     0.33104358
             23     0.32667183
             22     0.32210231
             21     0.31743473
             20     0.31266681
             19     0.30771983
             18     0.30264830
             17     0.29746876
             16     0.29199719
             15     0.28633312
             14     0.28054001
             13     0.27443093
             12     0.26807416
             11     0.26134067
             10     0.25429768
              9     0.24681365
              8     0.23883404
              7     0.23013389
              6     0.22056737
              5     0.20998718
              4     0.19759742
              3     0.18271191
              2     0.16338331
              1     0.13405420
