            500      3.8188717
            499      3.3932302
            498      3.1748413
            497      3.0255779
            496      2.9115484
            495      2.8186494
            494      2.7395296
            493      2.6715104
            492      2.6112263
            491      2.5581447
            490      2.5094826
            489      2.4657939
            488      2.4255217
            487      2.3881249
            486      2.3527278
            485      2.3205749
            484      2.2898036
            483      2.2607601
            482      2.2332630
            481      2.2072036
            480      2.1825367
            479      2.1584824
            478      2.1358969
            477      2.1139736
            476      2.0934249
            475      2.0735735
            474      2.0547541
            473      2.0363146
            472      2.0186773
            471      2.0014420
            470      1.9847461
            469      1.9688460
            468      1.9533979
            467      1.9383158
            466      1.9232810
            465      1.9093642
            464      1.8953555
            463      1.8815966
            462      1.8682951
            461      1.8555864
            460      1.8428668
            459      1.8307574
            458      1.8185413
            457      1.8069961
            456      1.7954437
            455      1.7844157
            454      1.7735050
            453      1.7628429
            452      1.7523138
            451      1.7419040
            450      1.7319775
            449      1.7221956
            448      1.7124652
            447      1.7029035
            446      1.6935363
            445      1.6844823
            444      1.6757086
            443      1.6669885
            442      1.6582809
            441      1.6497005
            440      1.6411166
            439      1.6328663
            438      1.6246263
            437      1.6166521
            436      1.6087631
            435      1.6009313
            434      1.5932707
            433      1.5855906
            432      1.5782308
            431      1.5708434
            430      1.5634852
            429      1.5563564
            428      1.5492099
            427      1.5422878
            426      1.5354602
            425      1.5286674
            424      1.5219519
            423      1.5153068
            422      1.5088068
            421      1.5024163
            420      1.4960286
            419      1.4897150
            418      1.4834028
            417      1.4771834
            416      1.4711641
            415      1.4651556
            414      1.4591772
            413      1.4532189
            412      1.4474292
            411      1.4417375
            410      1.4360593
            409      1.4302873
            408      1.4247027
            407      1.4190935
            406      1.4136062
            405      1.4081549
            404      1.4027944
            403      1.3975279
            402      1.3922496
            401      1.3870006
            400      1.3818419
            399      1.3767253
            398      1.3716899
            397      1.3666470
            396      1.3617339
            395      1.3568869
            394      1.3520488
            393      1.3473073
            392      1.3424985
            391      1.3377776
            390      1.3330911
            389      1.3283975
            388      1.3237375
            387      1.3192403
            386      1.3147137
            385      1.3101608
            384      1.3056733
            383      1.3012688
            382      1.2969033
            381      1.2925028
            380      1.2882268
            379      1.2838687
            378      1.2796074
            377      1.2753573
            376      1.2710891
            375      1.2668963
            374      1.2627514
            373      1.2586352
            372      1.2545244
            371      1.2504614
            370      1.2464417
            369      1.2423723
            368      1.2384122
            367      1.2344102
            366      1.2304610
            365      1.2265660
            364      1.2225974
            363      1.2187345
            362      1.2148968
            361      1.2111412
            360      1.2073651
            359      1.2035506
            358      1.1998237
            357      1.1961212
            356      1.1924376
            355      1.1888070
            354      1.1851626
            353      1.1815552
            352      1.1779238
            351      1.1743610
            350      1.1707936
            349      1.1672405
            348      1.1637459
            347      1.1601462
            346      1.1566687
            345      1.1532026
            344      1.1497605
            343      1.1463316
            342      1.1428986
            341      1.1395270
            340      1.1361554
            339      1.1328143
            338      1.1294833
            337      1.1261849
            336      1.1228323
            335      1.1195373
            334      1.1163345
            333      1.1130464
            332      1.1098042
            331      1.1065976
            330      1.1033731
            329      1.1001582
            328      1.0969877
            327      1.0938266
            326      1.0907247
            325      1.0875994
            324      1.0844494
            323      1.0813842
            322      1.0782405
            321      1.0751417
            320      1.0720269
            319      1.0689817
            318      1.0659545
            317      1.0629636
            316      1.0599568
            315      1.0569646
            314      1.0539677
            313      1.0509911
            312      1.0480727
            311      1.0451163
            310      1.0421531
            309      1.0392278
            308      1.0363155
            307      1.0333645
            306      1.0304403
            305      1.0275627
            304      1.0246807
            303      1.0217966
            302      1.0189426
            301      1.0160848
            300      1.0131986
            299      1.0103603
            298      1.0075311
            297      1.0047361
            296      1.0019839
            295     0.99919875
            294     0.99640806
            293     0.99367316
            292     0.99092784
            291     0.98814245
            290     0.98545540
            289     0.98274113
            288     0.98003045
            287     0.97735742
            286     0.97465398
            285     0.97196415
            284     0.96933090
            283     0.96665235
            282     0.96394289
            281     0.96126178
            280     0.95860103
            279     0.95595058
            278     0.95333744
            277     0.95071363
            276     0.94807524
            275     0.94546598
            274     0.94289620
            273     0.94027583
            272     0.93767442
            271     0.93513871
            270     0.93253319
            269     0.93000178
            268     0.92746511
            267     0.92490185
            266     0.92234231
            265     0.91978837
            264     0.91726617
            263     0.91472612
            262     0.91217351
            261     0.90966936
            260     0.90718286
            259     0.90472900
            258     0.90228412
            257     0.89980419
            256     0.89734831
            255     0.89485636
            254     0.89236980
            253     0.88986500
            252     0.88741260
            251     0.88496034
            250     0.88249335
            249     0.88005510
            248     0.87758836
            247     0.87512254
            246     0.87269965
            245     0.87027197
            244     0.86786198
            243     0.86546172
            242     0.86306911
            241     0.86062305
            240     0.85817481
            239     0.85574211
            238     0.85337753
            237     0.85096835
            236     0.84854522
            235     0.84609428
            234     0.84373912
            233     0.84136233
            232     0.83898543
            231     0.83671777
            230     0.83436414
            229     0.83199653
            228     0.82962309
            227     0.82724169
            226     0.82493694
            225     0.82261072
            224     0.82027770
            223     0.81791417
            222     0.81555055
            221     0.81317452
            220     0.81088233
            219     0.80858130
            218     0.80623259
            217     0.80394278
            216     0.80164443
            215     0.79937725
            214     0.79709863
            213     0.79480191
            212     0.79250282
            211     0.79023010
            210     0.78791931
            209     0.78562779
            208     0.78334660
            207     0.78105012
            206     0.77878910
            205     0.77652518
            204     0.77426565
            203     0.77201400
            202     0.76973903
            201     0.76746602
            200     0.76518918
            199     0.76295927
            198     0.76067707
            197     0.75842406
            196     0.75619800
            195     0.75394539
            194     0.75166080
            193     0.74939300
            192     0.74715563
            191     0.74492518
            190     0.74267100
            189     0.74042727
            188     0.73820363
            187     0.73594386
            186     0.73370718
            185     0.73145247
            184     0.72926704
            183     0.72704485
            182     0.72479240
            181     0.72256381
            180     0.72038299
            179     0.71814394
            178     0.71590869
            177     0.71365579
            176     0.71139857
            175     0.70918627
            174     0.70695123
            173     0.70473399
            172     0.70249265
            171     0.70025424
            170     0.69803608
            169     0.69578730
            168     0.69357304
            167     0.69134065
            166     0.68914156
            165     0.68694015
            164     0.68471799
            163     0.68249147
            162     0.68026118
            161     0.67803780
            160     0.67582712
            159     0.67359876
            158     0.67137601
            157     0.66919674
            156     0.66701378
            155     0.66477146
            154     0.66256606
            153     0.66037895
            152     0.65817814
            151     0.65595808
            150     0.65373620
            149     0.65153518
            148     0.64931957
            147     0.64710499
            146     0.64490151
            145     0.64268511
            144     0.64046960
            143     0.63818118
            142     0.63597794
            141     0.63373753
            140     0.63153043
            139     0.62931122
            138     0.62711298
            137     0.62489725
            136     0.62265892
            135     0.62040928
            134     0.61817872
            133     0.61595158
            132     0.61371706
            131     0.61148401
            130     0.60923468
            129     0.60702270
            128     0.60479370
            127     0.60253442
            126     0.60027599
            125     0.59801044
            124     0.59576591
            123     0.59352690
            122     0.59125519
            121     0.58896143
            120     0.58668084
            119     0.58441681
            118     0.58212984
            117     0.57983641
            116     0.57755633
            115     0.57527656
            114     0.57297895
            113     0.57066013
            112     0.56831848
            111     0.56606264
            110     0.56373974
            109     0.56143266
            108     0.55911004
            107     0.55675685
            106     0.55444469
            105     0.55216158
            104     0.54982897
            103     0.54752050
            102     0.54516898
            101     0.54282353
            100     0.54047177
             99     0.53811553
             98     0.53568822
             97     0.53327395
             96     0.53089847
             95     0.52851072
             94     0.52607247
             93     0.52364011
             92     0.52126568
             91     0.51887109
             90     0.51645872
             89     0.51400405
             88     0.51156720
             87     0.50914213
             86     0.50668459
             85     0.50424707
             84     0.50178122
             83     0.49932016
             82     0.49684029
             81     0.49436106
             80     0.49188432
             79     0.48941399
             78     0.48685773
             77     0.48437183
             76     0.48186635
             75     0.47924717
             74     0.47668909
             73     0.47408221
             72     0.47151988
             71     0.46889497
             70     0.46627886
             69     0.46361025
             68     0.46095973
             67     0.45828530
             66     0.45557531
             65     0.45290730
             64     0.45020870
             63     0.44747045
             62     0.44475826
             61     0.44201142
             60     0.43925257
             59     0.43647013
             58     0.43364912
             57     0.43078922
             56     0.42796676
             55     0.42512359
             54     0.42223998
             53     0.41933758
             52     0.41642807
             51     0.41345383
             50     0.41049794
             49     0.40746753
             48     0.40449377
             47     0.40144966
             46     0.39832762
             45     0.39518179
             44     0.39207607
             43     0.38896220
             42     0.38576846
             41     0.38254064
             40     0.37923882
             39     0.37591558
             38     0.37250667
             37     0.36910974
             36     0.36564928
             35     0.36215017
             34     0.35862626
             33     0.35497137
             32     0.35127175
             31     0.34755794
             30     0.34377009
             29     0.33990269
             28     0.33601548
             27     0.33199896
             26     0.32797961
             25     0.32381681
             24     0.31960184
             23     0.31531902
             22     0.31092142
             21     0.30644069
             20     0.30186929
             19     0.29716594
             18     0.29226563
             17     0.28720862
             16     0.28192012
             15     0.27647168
             14     0.27075512
             13     0.26494932
             12     0.25882321
             11     0.25239405
             10     0.24553207
              9     0.23827734
              8     0.23054373
              7     0.22220551
              6     0.21282337
              5     0.20224776
              4     0.19044261
              3     0.17612481
              2     0.15781406
              1     0.12912746
